4.811564e-06
7.303420e-06
1.013482e-05
1.299783e-05
1.586352e-05
1.872838e-05
2.129397e-05
2.321264e-05
2.446689e-05
2.519317e-05
2.547201e-05
2.547607e-05
2.521623e-05
2.461730e-05
2.382519e-05
2.289128e-05
2.174705e-05
2.050102e-05
1.955836e-05
1.897334e-05
1.828232e-05
1.738456e-05
1.617509e-05
1.452496e-05
1.266549e-05
1.067289e-05
8.568161e-06
6.223431e-06
3.866148e-06
2.077736e-06
8.632830e-07
1.459253e-07
-4.871112e-07
-1.418971e-06
-2.159166e-06
-2.369767e-06
-2.278669e-06
-2.215539e-06
-2.121392e-06
-1.999648e-06
-2.135588e-06
-2.523585e-06
-3.254855e-06
-4.260168e-06
-5.322392e-06
-6.689383e-06
-8.376234e-06
-9.849213e-06
-1.076504e-05
-1.132160e-05
-1.179739e-05
-1.212641e-05
-1.201872e-05
-1.160318e-05
-1.141337e-05
-1.141156e-05
-1.129397e-05
-1.118835e-05
-1.134055e-05
-1.177138e-05
-1.195628e-05
-1.140432e-05
-1.035273e-05
-9.068277e-06
-7.573822e-06
-6.032294e-06
-4.643089e-06
-3.421660e-06
-2.298260e-06
-1.450623e-06
-1.052349e-06
-9.084800e-07
-8.108743e-07
-7.356602e-07
-5.345953e-07
-1.696975e-09
6.477352e-07
1.157228e-06
1.620476e-06
2.074151e-06
2.473590e-06
2.772872e-06
3.060956e-06
3.443189e-06
3.889424e-06
4.443182e-06
4.937129e-06
5.311441e-06
5.752804e-06
6.237694e-06
6.535451e-06
6.341347e-06
5.819227e-06
5.299325e-06
4.802359e-06
4.079354e-06
2.955106e-06
1.800217e-06
6.345281e-07
-5.795869e-07
-1.613045e-06
-2.601258e-06
-3.449939e-06
-4.285028e-06
-5.312467e-06
-6.275766e-06
-7.192152e-06
-8.325169e-06
-9.921952e-06
-1.201649e-05
-1.473596e-05
-1.836667e-05
-2.287149e-05
-2.785425e-05
-3.259707e-05
-3.669419e-05
-4.018775e-05
-4.335880e-05
-4.655824e-05
-4.970663e-05
-5.265149e-05
-5.541302e-05
-5.831204e-05
-6.168982e-05
-6.532396e-05
-6.888514e-05
-7.211255e-05
-7.486396e-05
-7.708122e-05
-7.869206e-05
-7.970477e-05
-7.998422e-05
-7.958983e-05
-7.852650e-05
-7.665357e-05
-7.428433e-05
-7.158693e-05
-6.849562e-05
-6.502687e-05
-6.115131e-05
-5.701275e-05
-5.274623e-05
-4.821618e-05
-4.353109e-05
-3.931495e-05
-3.578797e-05
-3.244308e-05
-2.877794e-05
-2.458623e-05
-1.987636e-05
-1.471274e-05
-9.081508e-06
-2.681953e-06
4.829184e-06
1.347490e-05
2.306119e-05
3.307776e-05
4.302406e-05
5.267347e-05
6.194086e-05
7.109073e-05
8.026630e-05
8.893713e-05
9.669126e-05
1.037745e-04
1.104508e-04
1.167596e-04
1.227264e-04
1.284273e-04
1.338158e-04
1.387366e-04
1.433074e-04
1.473771e-04
1.505108e-04
1.528601e-04
1.546598e-04
1.556709e-04
1.554941e-04
1.539301e-04
1.511529e-04
1.472991e-04
1.422225e-04
1.357624e-04
1.279550e-04
1.192936e-04
1.102574e-04
1.008460e-04
9.109407e-05
8.098185e-05
7.057008e-05
6.008734e-05
4.950068e-05
3.897292e-05
2.855501e-05
1.827354e-05
8.525619e-06
-6.417107e-07
-9.279895e-06
-1.787805e-05
-2.722935e-05
-3.713090e-05
-4.702165e-05
-5.647453e-05
-6.505711e-05
-7.265631e-05
-7.929556e-05
-8.485822e-05
-8.914453e-05
-9.225369e-05
-9.448476e-05
-9.579775e-05
-9.596670e-05
-9.518892e-05
-9.406814e-05
-9.287548e-05
-9.133509e-05
-8.927352e-05
-8.701074e-05
-8.487538e-05
-8.302554e-05
-8.165630e-05
-8.064793e-05
-7.975579e-05
-7.901128e-05
-7.825101e-05
-7.705423e-05
-7.537868e-05
-7.342736e-05
-7.115496e-05
-6.855978e-05
-6.568538e-05
-6.237672e-05
-5.868555e-05
-5.497331e-05
-5.157100e-05
-4.869714e-05
-4.646125e-05
-4.465981e-05
-4.295628e-05
-4.141281e-05
-4.006291e-05
-3.849181e-05
-3.642124e-05
-3.373399e-05
-3.022235e-05
-2.564719e-05
-1.983980e-05
-1.266779e-05
-3.722659e-06
6.795575e-06
1.785425e-05
2.891069e-05
3.966562e-05
4.945110e-05
5.758393e-05
6.396276e-05
6.912587e-05
7.347408e-05
7.705208e-05
7.960334e-05
8.081915e-05
8.079054e-05
7.983947e-05
7.822266e-05
7.599744e-05
7.323546e-05
7.020536e-05
6.682825e-05
6.240227e-05
5.643217e-05
4.901821e-05
4.033031e-05
3.050098e-05
1.981767e-05
8.731479e-06
-2.409303e-06
-1.308365e-05
-2.242033e-05
-3.017049e-05
-3.681685e-05
-4.288711e-05
-4.866820e-05
-5.432289e-05
-5.984126e-05
-6.486784e-05
-6.951949e-05
-7.410358e-05
-7.843124e-05
-8.238908e-05
-8.588181e-05
-8.898271e-05
-9.178873e-05
-9.408904e-05
-9.593953e-05
-9.741579e-05
-9.840892e-05
-9.882688e-05
-9.852485e-05
-9.754631e-05
-9.590946e-05
-9.321258e-05
-8.910518e-05
-8.353331e-05
-7.653278e-05
-6.841690e-05
-5.959126e-05
-5.043265e-05
-4.127913e-05
-3.209630e-05
-2.295472e-05
-1.408777e-05
-5.420384e-06
3.140343e-06
1.171758e-05
2.032774e-05
2.859087e-05
3.633002e-05
4.370011e-05
5.092980e-05
5.830171e-05
6.590177e-05
7.360983e-05
8.088009e-05
8.696730e-05
9.154693e-05
9.465024e-05
9.685608e-05
9.869022e-05
9.999968e-05
1.005652e-04
1.003249e-04
9.953918e-05
9.843464e-05
9.683295e-05
9.457407e-05
9.139135e-05
8.720562e-05
8.241950e-05
7.732541e-05
7.181617e-05
6.556765e-05
5.848148e-05
5.067602e-05
4.254207e-05
3.469786e-05
2.715940e-05
1.968744e-05
1.220420e-05
4.426882e-06
-3.672010e-06
-1.171241e-05
-1.925993e-05
-2.607333e-05
-3.208905e-05
-3.715522e-05
-4.132573e-05
-4.474735e-05
-4.723467e-05
-4.877649e-05
-4.973638e-05
-5.049780e-05
-5.135397e-05
-5.241926e-05
-5.371867e-05
-5.505389e-05
-5.593472e-05
-5.602351e-05
-5.530365e-05
-5.407671e-05
-5.246098e-05
-5.008577e-05
-4.666808e-05
-4.216716e-05
-3.695428e-05
-3.161240e-05
-2.634353e-05
-2.141353e-05
-1.706124e-05
-1.321917e-05
-9.858215e-06
-6.651902e-06
-3.338336e-06
1.364902e-07
3.989427e-06
7.937081e-06
1.167145e-05
1.508640e-05
1.809351e-05
2.118254e-05
2.451457e-05
2.788908e-05
3.120744e-05
3.406471e-05
3.619133e-05
3.725398e-05
3.685715e-05
3.516579e-05
3.278920e-05
3.045840e-05
2.849269e-05
2.674738e-05
2.523401e-05
2.444200e-05
2.487614e-05
2.640120e-05
2.824166e-05
2.970372e-05
3.078444e-05
3.155486e-05
3.168557e-05
3.080035e-05
2.873833e-05
2.570836e-05
2.191593e-05
1.752256e-05
1.284876e-05
7.979556e-06
2.802390e-06
-2.812441e-06
-8.929045e-06
-1.529976e-05
-2.139565e-05
-2.666757e-05
-3.077636e-05
-3.365544e-05
-3.560235e-05
-3.710592e-05
-3.834716e-05
-3.914123e-05
-3.932528e-05
-3.895706e-05
-3.825161e-05
-3.743603e-05
-3.654211e-05
-3.554051e-05
-3.428789e-05
-3.253195e-05
-3.056040e-05
-2.861900e-05
-2.616241e-05
-2.272137e-05
-1.832560e-05
-1.301161e-05
-6.758393e-06
1.886882e-07
7.430673e-06
1.469344e-05
2.184113e-05
2.871275e-05
3.505560e-05
4.094986e-05
4.668378e-05
5.223212e-05
5.737067e-05
6.201484e-05
6.615077e-05
6.953645e-05
7.210703e-05
7.402075e-05
7.536541e-05
7.621598e-05
7.644604e-05
7.616575e-05
7.536925e-05
7.357505e-05
7.082896e-05
6.731148e-05
6.319742e-05
5.893672e-05
5.452042e-05
4.990569e-05
4.534757e-05
4.121629e-05
3.795667e-05
3.551030e-05
3.355327e-05
3.184376e-05
2.983508e-05
2.693494e-05
2.311711e-05
1.875219e-05
1.413529e-05
9.522562e-06
5.339937e-06
2.187341e-06
3.363230e-07
-7.125140e-07
-1.849562e-06
-3.723520e-06
-6.687327e-06
-1.110516e-05
-1.703566e-05
-2.422302e-05
-3.246348e-05
-4.123859e-05
-4.983478e-05
-5.789248e-05
-6.537381e-05
-7.217109e-05
-7.790387e-05
-8.220401e-05
-8.484068e-05
-8.575737e-05
-8.520663e-05
-8.345560e-05
-8.072370e-05
-7.733668e-05
-7.350860e-05
-6.956263e-05
-6.598438e-05
-6.307631e-05
-6.098479e-05
-5.950968e-05
-5.838416e-05
-5.763698e-05
-5.729973e-05
-5.730142e-05
-5.725447e-05
-5.677804e-05
-5.603176e-05
-5.533085e-05
-5.471270e-05
-5.402042e-05
-5.311956e-05
-5.175089e-05
-4.973111e-05
-4.716507e-05
-4.421360e-05
-4.115827e-05
-3.816245e-05
-3.537163e-05
-3.295358e-05
-3.076228e-05
-2.885307e-05
-2.708305e-05
-2.480716e-05
-2.177678e-05
-1.796015e-05
-1.327402e-05
-7.684079e-06
-1.146327e-06
6.139184e-06
1.388711e-05
2.180217e-05
2.953978e-05
3.704008e-05
4.417070e-05
5.059289e-05
5.636185e-05
6.169063e-05
6.665592e-05
7.125224e-05
7.528209e-05
7.870126e-05
8.162583e-05
8.404259e-05
8.584677e-05
8.694265e-05
8.742708e-05
8.743902e-05
8.720892e-05
8.711645e-05
8.741321e-05
8.827435e-05
8.949607e-05
9.041561e-05
9.052003e-05
8.952532e-05
8.732044e-05
8.417031e-05
8.055342e-05
7.690574e-05
7.328002e-05
6.930256e-05
6.486471e-05
6.006420e-05
5.499234e-05
4.998091e-05
4.518142e-05
4.055816e-05
3.608199e-05
3.149584e-05
2.643518e-05
2.080225e-05
1.493587e-05
9.027917e-06
2.970264e-06
-3.085255e-06
-8.749118e-06
-1.345825e-05
-1.681036e-05
-1.881857e-05
-1.949035e-05
-1.889753e-05
-1.721941e-05
-1.477570e-05
-1.214312e-05
-9.669231e-06
-7.465456e-06
-5.633305e-06
-4.284864e-06
-3.539585e-06
-3.377018e-06
-3.769738e-06
-4.581147e-06
-5.536356e-06
-6.479272e-06
-7.276007e-06
-7.714027e-06
-7.475711e-06
-6.259855e-06
-4.080734e-06
-1.412023e-06
1.259802e-06
3.759599e-06
5.895482e-06
7.664363e-06
9.307012e-06
1.090855e-05
1.254415e-05
1.438381e-05
1.650619e-05
1.875884e-05
2.092596e-05
2.279183e-05
2.407259e-05
2.469878e-05
2.485745e-05
2.472087e-05
2.427098e-05
2.353949e-05
2.279172e-05
2.218151e-05
2.170981e-05
2.132922e-05
2.073816e-05
1.957567e-05
1.786456e-05
1.566437e-05
1.289216e-05
9.812135e-06
6.780014e-06
3.866191e-06
9.978583e-07
-1.799756e-06
-4.337598e-06
-6.552208e-06
-8.542262e-06
-1.059150e-05
-1.325291e-05
-1.708070e-05
-2.222140e-05
-2.832332e-05
-3.499629e-05
-4.174414e-05
-4.782438e-05
-5.290000e-05
-5.696365e-05
-5.992779e-05
-6.195872e-05
-6.355555e-05
-6.507855e-05
-6.648929e-05
-6.773547e-05
-6.880516e-05
-6.938604e-05
-6.938946e-05
-6.911883e-05
-6.865041e-05
-6.781501e-05
-6.652823e-05
-6.494035e-05
-6.318570e-05
-6.132494e-05
-5.954922e-05
-5.779560e-05
-5.581382e-05
-5.359265e-05
-5.117715e-05
-4.873596e-05
-4.649153e-05
-4.444923e-05
-4.261007e-05
-4.088073e-05
-3.908995e-05
-3.724211e-05
-3.536522e-05
-3.327156e-05
-3.056195e-05
-2.723957e-05
-2.370785e-05
-2.013696e-05
-1.647361e-05
-1.248128e-05
-7.985794e-06
-2.971679e-06
2.490720e-06
8.001714e-06
1.323453e-05
1.822316e-05
2.294437e-05
2.717833e-05
3.082544e-05
3.396422e-05
3.674798e-05
3.931770e-05
4.150575e-05
4.319305e-05
4.452938e-05
4.581316e-05
4.769613e-05
5.050196e-05
5.385514e-05
5.722888e-05
6.015654e-05
6.239522e-05
6.387312e-05
6.448335e-05
6.416177e-05
6.302238e-05
6.133564e-05
5.931201e-05
5.688364e-05
5.382243e-05
5.015866e-05
4.618322e-05
4.203308e-05
3.757608e-05
3.272899e-05
2.762344e-05
2.243468e-05
1.724136e-05
1.191938e-05
6.328400e-06
4.197619e-07
-5.775362e-06
-1.190564e-05
-1.763926e-05
-2.293916e-05
-2.770031e-05
-3.163840e-05
-3.459000e-05
-3.663519e-05
-3.782985e-05
-3.838027e-05
-3.864294e-05
-3.855356e-05
-3.779974e-05
-3.641096e-05
-3.478791e-05
-3.325718e-05
-3.181983e-05
-3.017557e-05
-2.804198e-05
-2.553795e-05
-2.280359e-05
-1.980247e-05
-1.655615e-05
-1.317307e-05
-9.957760e-06
-7.046461e-06
-4.281361e-06
-1.644496e-06
9.339946e-07
3.514503e-06
5.808886e-06
7.533751e-06
8.604267e-06
9.032657e-06
9.015637e-06
8.857361e-06
8.783125e-06
8.750735e-06
8.557873e-06
8.491074e-06
9.183634e-06
1.081414e-05
1.298598e-05
1.501076e-05
1.656106e-05
1.785227e-05
1.897154e-05
1.972123e-05
1.994077e-05
1.982756e-05
1.968010e-05
1.931764e-05
1.833774e-05
1.653597e-05
1.396556e-05
1.089323e-05
7.703307e-06
4.803772e-06
2.301974e-06
-1.186938e-08
-2.317044e-06
-4.712542e-06
-7.118714e-06
-9.311562e-06
-1.124173e-05
-1.306969e-05
-1.516062e-05
-1.785329e-05
-2.103788e-05
-2.445273e-05
-2.802815e-05
-3.156137e-05
-3.477881e-05
-3.771713e-05
-4.038186e-05
-4.256323e-05
-4.421426e-05
-4.541978e-05
-4.619664e-05
-4.643951e-05
-4.606830e-05
-4.526859e-05
-4.427114e-05
-4.317241e-05
-4.207174e-05
-4.108707e-05
-4.031511e-05
-3.972981e-05
-3.923666e-05
-3.888829e-05
-3.880438e-05
-3.902696e-05
-3.940228e-05
-3.955665e-05
-3.931154e-05
-3.887976e-05
-3.839718e-05
-3.766565e-05
-3.656184e-05
-3.516865e-05
-3.347442e-05
-3.152481e-05
-2.957664e-05
-2.788668e-05
-2.652471e-05
-2.536645e-05
-2.432481e-05
-2.339810e-05
-2.263745e-05
-2.205848e-05
-2.153095e-05
-2.096154e-05
-2.016491e-05
-1.889612e-05
-1.710776e-05
-1.490136e-05
-1.258085e-05
-1.027143e-05
-7.879162e-06
-5.479620e-06
-3.083381e-06
-8.669941e-07
7.952666e-07
1.721328e-06
1.720876e-06
7.311491e-07
-1.081207e-06
-3.434058e-06
-5.871650e-06
-7.885149e-06
-9.037270e-06
-9.289834e-06
-8.811755e-06
-7.627963e-06
-5.957529e-06
-4.030624e-06
-1.916147e-06
3.882465e-07
2.962317e-06
5.703281e-06
8.511721e-06
1.145312e-05
1.462181e-05
1.791365e-05
2.091908e-05
2.342127e-05
2.547229e-05
2.721772e-05
2.883105e-05
3.041729e-05
3.233173e-05
3.490400e-05
3.804776e-05
4.158364e-05
4.521816e-05
4.863302e-05
5.164832e-05
5.400382e-05
5.557128e-05
5.639285e-05
5.666402e-05
5.678561e-05
5.674482e-05
5.619886e-05
5.498297e-05
5.309344e-05
5.064684e-05
4.767930e-05
4.412439e-05
3.994223e-05
3.532939e-05
3.060804e-05
2.584257e-05
2.107002e-05
1.628038e-05
1.130096e-05
5.969894e-06
1.483617e-07
-6.221526e-06
-1.316193e-05
-2.049268e-05
-2.779204e-05
-3.462948e-05
-4.060621e-05
-4.552239e-05
-4.933301e-05
-5.198316e-05
-5.345075e-05
-5.381927e-05
-5.332762e-05
-5.222559e-05
-5.069959e-05
-4.892663e-05
-4.707016e-05
-4.526483e-05
-4.362750e-05
-4.224546e-05
-4.098592e-05
-3.960784e-05
-3.801674e-05
-3.615069e-05
-3.409732e-05
-3.200616e-05
-2.975017e-05
-2.722121e-05
-2.451752e-05
-2.170005e-05
-1.870217e-05
-1.554940e-05
-1.235489e-05
-8.996141e-06
-5.306352e-06
-1.326020e-06
2.736868e-06
6.693234e-06
1.056096e-05
1.439959e-05
1.837344e-05
2.267890e-05
2.727400e-05
3.203093e-05
3.685628e-05
4.174256e-05
4.667001e-05
5.151036e-05
5.616266e-05
6.066711e-05
6.516454e-05
6.958116e-05
7.365038e-05
7.726436e-05
8.036060e-05
8.278548e-05
8.457224e-05
8.592957e-05
8.689006e-05
8.734375e-05
8.730818e-05
8.690727e-05
8.615556e-05
8.492431e-05
8.307592e-05
8.063878e-05
7.775183e-05
7.439763e-05
7.061024e-05
6.667031e-05
6.278487e-05
5.894560e-05
5.506903e-05
5.111421e-05
4.708455e-05
4.302828e-05
3.901756e-05
3.499183e-05
3.073788e-05
2.609971e-05
2.109909e-05
1.585417e-05
1.056995e-05
5.437066e-06
4.369679e-07
-4.536195e-06
-9.623495e-06
-1.492968e-05
-2.024311e-05
-2.530065e-05
-3.016935e-05
-3.499753e-05
-3.978603e-05
-4.458545e-05
-4.952423e-05
-5.455718e-05
-5.951880e-05
-6.429531e-05
-6.878136e-05
-7.289266e-05
-7.662418e-05
-8.002895e-05
-8.315987e-05
-8.595127e-05
-8.816083e-05
-8.959888e-05
-9.030775e-05
-9.040119e-05
-9.003224e-05
-8.938168e-05
-8.841717e-05
-8.696586e-05
-8.493757e-05
-8.227972e-05
-7.894712e-05
-7.495047e-05
-7.042892e-05
-6.560575e-05
-6.064867e-05
-5.575965e-05
-5.115087e-05
-4.681400e-05
-4.254456e-05
-3.816188e-05
-3.365175e-05
-2.912615e-05
-2.474651e-05
-2.067671e-05
-1.698160e-05
-1.361599e-05
-1.045586e-05
-7.241650e-06
-3.757298e-06
-4.388202e-08
3.832038e-06
7.862977e-06
1.195169e-05
1.591693e-05
1.940101e-05
2.205750e-05
2.392086e-05
2.527713e-05
2.636845e-05
2.728560e-05
2.798785e-05
2.847751e-05
2.894862e-05
2.955422e-05
3.024525e-05
3.094794e-05
3.152146e-05
3.174884e-05
3.147875e-05
3.064494e-05
2.922778e-05
2.712298e-05
2.422957e-05
2.066922e-05
1.666161e-05
1.230313e-05
7.629508e-06
2.740865e-06
-2.172633e-06
-6.752102e-06
-1.063932e-05
-1.380425e-05
-1.644469e-05
-1.868360e-05
-2.058312e-05
-2.222851e-05
-2.356685e-05
-2.441349e-05
-2.463793e-05
-2.417899e-05
-2.304599e-05
-2.139112e-05
-1.949513e-05
-1.756610e-05
-1.561737e-05
-1.365725e-05
-1.176930e-05
-9.937430e-06
-8.091060e-06
-6.212371e-06
-4.170619e-06
-1.770481e-06
9.343039e-07
3.734603e-06
6.587887e-06
9.498988e-06
1.234280e-05
1.502765e-05
1.758402e-05
2.002532e-05
2.225931e-05
2.427173e-05
2.616674e-05
2.796161e-05
2.960254e-05
3.105683e-05
3.233081e-05
3.343988e-05
3.446368e-05
3.554573e-05
3.671921e-05
3.794215e-05
3.915238e-05
4.032833e-05
4.152729e-05
4.280166e-05
4.421858e-05
4.577660e-05
4.745422e-05
4.931325e-05
5.139455e-05
5.362976e-05
5.580341e-05
5.771403e-05
5.926785e-05
6.039938e-05
6.092811e-05
6.060393e-05
5.946812e-05
5.775406e-05
5.564004e-05
5.326443e-05
5.073567e-05
4.825966e-05
4.599373e-05
4.390042e-05
4.189754e-05
3.981633e-05
3.742857e-05
3.462978e-05
3.149045e-05
2.814186e-05
2.454344e-05
2.050269e-05
1.598853e-05
1.118670e-05
6.314535e-06
1.610143e-06
-2.726923e-06
-6.626228e-06
-1.002071e-05
-1.286638e-05
-1.526113e-05
-1.742922e-05
-1.960266e-05
-2.185503e-05
-2.419673e-05
-2.670812e-05
-2.942984e-05
-3.225380e-05
-3.492939e-05
-3.729332e-05
-3.940776e-05
-4.137425e-05
-4.326956e-05
-4.516962e-05
-4.708926e-05
-4.901442e-05
-5.092523e-05
-5.273964e-05
-5.429781e-05
-5.536648e-05
-5.570144e-05
-5.527992e-05
-5.428197e-05
-5.278921e-05
-5.083515e-05
-4.845566e-05
-4.565772e-05
-4.254255e-05
-3.921397e-05
-3.584332e-05
-3.273015e-05
-3.004881e-05
-2.777995e-05
-2.584170e-05
-2.420361e-05
-2.276230e-05
-2.132936e-05
-1.978717e-05
-1.801390e-05
-1.592875e-05
-1.356510e-05
-1.102830e-05
-8.495087e-06
-6.169292e-06
-4.196197e-06
-2.561785e-06
-1.149090e-06
7.694693e-08
1.044812e-06
1.767139e-06
2.337644e-06
2.742327e-06
2.876390e-06
2.607009e-06
1.905930e-06
8.662978e-07
-4.566068e-07
-1.986296e-06
-3.595124e-06
-5.118598e-06
-6.373427e-06
-7.284736e-06
-7.868919e-06
-8.197546e-06
-8.337895e-06
-8.167827e-06
-7.509598e-06
-6.380765e-06
-4.855125e-06
-2.977048e-06
-8.892108e-07
1.227194e-06
3.307125e-06
5.316394e-06
7.117400e-06
8.610407e-06
9.808075e-06
1.074639e-05
1.145045e-05
1.197043e-05
1.240284e-05
1.279697e-05
1.320935e-05
1.371994e-05
1.438846e-05
1.532891e-05
1.651953e-05
1.781768e-05
1.919387e-05
2.068857e-05
2.243171e-05
2.453346e-05
2.685161e-05
2.901339e-05
3.063799e-05
3.157810e-05
3.184827e-05
3.152611e-05
3.074237e-05
2.956749e-05
2.809706e-05
2.648773e-05
2.486757e-05
2.329972e-05
2.176837e-05
2.025316e-05
1.863056e-05
1.675541e-05
1.470622e-05
1.260854e-05
1.050198e-05
8.397753e-06
6.307304e-06
4.223115e-06
2.065829e-06
-1.620985e-07
-2.341684e-06
-4.454281e-06
-6.598896e-06
-8.857540e-06
-1.117115e-05
-1.333753e-05
-1.521043e-05
-1.678401e-05
-1.812339e-05
-1.928324e-05
-2.027259e-05
-2.116471e-05
-2.204719e-05
-2.295328e-05
-2.398241e-05
-2.523245e-05
-2.671822e-05
-2.836491e-05
-3.004485e-05
-3.171243e-05
-3.332523e-05
-3.473245e-05
-3.571040e-05
-3.607385e-05
-3.581261e-05
-3.502763e-05
-3.379981e-05
-3.215628e-05
-3.012888e-05
-2.779397e-05
-2.524347e-05
-2.257879e-05
-1.983377e-05
-1.702766e-05
-1.423490e-05
-1.148597e-05
-8.790485e-06
-6.171793e-06
-3.715381e-06
-1.454750e-06
7.581366e-07
2.944671e-06
4.986488e-06
6.867877e-06
8.581828e-06
1.011497e-05
1.153460e-05
1.290595e-05
1.420724e-05
1.538610e-05
1.639541e-05
1.720122e-05
1.780790e-05
1.820255e-05
1.835818e-05
1.832251e-05
1.822420e-05
1.812892e-05
1.800248e-05
1.792067e-05
1.805779e-05
1.842148e-05
1.886414e-05
1.927244e-05
1.955278e-05
1.961519e-05
1.940273e-05
1.884616e-05
1.791124e-05
1.663417e-05
1.508970e-05
1.332920e-05
1.140497e-05
9.483841e-06
7.765014e-06
6.427590e-06
5.616501e-06
5.370100e-06
5.675782e-06
6.482944e-06
7.679824e-06
9.105446e-06
1.063471e-05
1.225327e-05
1.394433e-05
1.559258e-05
1.702977e-05
1.814137e-05
1.892057e-05
1.939371e-05
1.951320e-05
1.928471e-05
1.887852e-05
1.838038e-05
1.777417e-05
1.717543e-05
1.677835e-05
1.675130e-05
1.721871e-05
1.815653e-05
1.942296e-05
2.091551e-05
2.251554e-05
2.407355e-05
2.548639e-05
2.665402e-05
2.750148e-05
2.802184e-05
2.817729e-05
2.784297e-05
2.699387e-05
2.572131e-05
2.406919e-05
2.212086e-05
2.003266e-05
1.792567e-05
1.585054e-05
1.385268e-05
1.199841e-05
1.033915e-05
8.937377e-06
7.768645e-06
6.689219e-06
5.553441e-06
4.255137e-06
2.771996e-06
1.152378e-06
-5.468540e-07
-2.317634e-06
-4.216624e-06
-6.310335e-06
-8.606782e-06
-1.098772e-05
-1.334020e-05
-1.572260e-05
-1.820252e-05
-2.074215e-05
-2.334273e-05
-2.600001e-05
-2.858667e-05
-3.094250e-05
-3.286046e-05
-3.408599e-05
-3.451082e-05
-3.418921e-05
-3.320397e-05
-3.164219e-05
-2.961915e-05
-2.730430e-05
-2.491525e-05
-2.264561e-05
-2.063001e-05
-1.891163e-05
-1.740116e-05
-1.596623e-05
-1.459430e-05
-1.341291e-05
-1.250685e-05
-1.181444e-05
-1.116414e-05
-1.036810e-05
-9.396668e-06
-8.356646e-06
-7.345168e-06
-6.388634e-06
-5.516352e-06
-4.893677e-06
-4.719516e-06
-5.125334e-06
-6.125131e-06
-7.640434e-06
-9.635520e-06
-1.200468e-05
-1.450574e-05
-1.682047e-05
-1.868127e-05
-1.998615e-05
-2.069705e-05
-2.086173e-05
-2.057817e-05
-1.992462e-05
-1.909264e-05
-1.834481e-05
-1.786101e-05
-1.771740e-05
-1.792378e-05
-1.841843e-05
-1.907377e-05
-1.972543e-05
-2.029380e-05
-2.087534e-05
-2.156554e-05
-2.232850e-05
-2.299484e-05
-2.338069e-05
-2.345053e-05
-2.320563e-05
-2.263798e-05
-2.181805e-05
-2.082972e-05
-1.974790e-05
-1.865324e-05
-1.758402e-05
-1.656857e-05
-1.565127e-05
-1.484219e-05
-1.408898e-05
-1.329913e-05
-1.239555e-05
-1.131486e-05
-1.009980e-05
-8.879361e-06
-7.605804e-06
-6.129222e-06
-4.355756e-06
-2.266739e-06
3.057556e-08
2.384429e-06
4.632668e-06
6.627644e-06
8.234214e-06
9.371289e-06
1.013626e-05
1.062831e-05
1.084241e-05
1.077728e-05
1.046879e-05
1.002852e-05
9.630497e-06
9.432127e-06
9.505511e-06
9.838236e-06
1.034349e-05
1.087366e-05
1.133599e-05
1.174536e-05
1.213288e-05
1.245626e-05
1.259885e-05
1.244129e-05
1.196226e-05
1.126509e-05
1.048874e-05
9.789957e-06
9.371259e-06
9.342254e-06
9.635136e-06
1.018952e-05
1.108566e-05
1.236188e-05
1.388195e-05
1.550064e-05
1.709783e-05
1.855739e-05
1.988288e-05
2.112105e-05
2.226334e-05
2.323295e-05
2.392406e-05
2.433759e-05
2.457961e-05
2.476680e-05
2.494849e-05
2.506280e-05
2.496695e-05
2.449922e-05
2.354248e-05
2.207957e-05
2.019730e-05
1.798187e-05
1.547954e-05
1.279077e-05
1.010267e-05
7.604546e-06
5.408570e-06
3.524665e-06
1.919623e-06
6.544441e-07
-1.952475e-07
-6.391745e-07
-7.140802e-07
-5.896360e-07
-4.608985e-07
-3.520214e-07
-2.988025e-07
-3.849101e-07
-6.460403e-07
-1.115754e-06
-1.815839e-06
-2.704949e-06
-3.623194e-06
-4.337889e-06
-4.694467e-06
-4.712320e-06
-4.509395e-06
-4.162661e-06
-3.758074e-06
-3.386403e-06
-3.077459e-06
-2.862499e-06
-2.734076e-06
-2.639381e-06
-2.579171e-06
-2.603234e-06
-2.760734e-06
-3.050921e-06
-3.347313e-06
-3.448304e-06
-3.267964e-06
-2.821164e-06
-2.098290e-06
-1.125537e-06
-2.487954e-09
1.160086e-06
2.282500e-06
3.380158e-06
4.547137e-06
5.774585e-06
6.897285e-06
7.752974e-06
8.318104e-06
8.681184e-06
8.889580e-06
8.907540e-06
8.669758e-06
8.132957e-06
7.342398e-06
6.389323e-06
5.305744e-06
4.085858e-06
2.845484e-06
1.771513e-06
9.055542e-07
1.865511e-07
-4.914566e-07
-1.277419e-06
-2.232574e-06
-3.325823e-06
-4.521473e-06
-5.791038e-06
-7.124352e-06
-8.510932e-06
-9.859399e-06
-1.098136e-05
-1.168092e-05
-1.182276e-05
-1.138983e-05
-1.048469e-05
-9.232753e-06
-7.798473e-06
-6.372969e-06
-5.042396e-06
-3.793668e-06
-2.625888e-06
-1.569426e-06
-5.874500e-07
4.078795e-07
1.467494e-06
2.519052e-06
3.379622e-06
4.046448e-06
4.648691e-06
5.177906e-06
5.590883e-06
5.874385e-06
6.025973e-06
6.073344e-06
6.023617e-06
5.856424e-06
5.565522e-06
5.164345e-06
4.645730e-06
3.957746e-06
3.057546e-06
1.978659e-06
7.833601e-07
-4.731702e-07
-1.782989e-06
-3.234304e-06
-4.878609e-06
-6.705761e-06
-8.716342e-06
-1.088952e-05
-1.320475e-05
-1.564118e-05
-1.814845e-05
-2.062184e-05
-2.292825e-05
-2.501084e-05
-2.683384e-05
-2.835291e-05
-2.959383e-05
-3.055134e-05
-3.120371e-05
-3.159688e-05
-3.172308e-05
-3.153281e-05
-3.098770e-05
-3.009688e-05
-2.896289e-05
-2.762678e-05
-2.605635e-05
-2.424392e-05
-2.219813e-05
-1.997626e-05
-1.764892e-05
-1.525979e-05
-1.287002e-05
-1.056019e-05
-8.349715e-06
-6.179488e-06
-4.017306e-06
-1.899259e-06
1.076405e-07
1.961791e-06
3.667775e-06
5.227189e-06
6.637502e-06
7.930052e-06
9.144697e-06
1.029662e-05
1.139352e-05
1.242844e-05
1.334902e-05
1.405581e-05
1.448448e-05
1.464538e-05
1.456656e-05
1.431933e-05
1.398321e-05
1.361925e-05
1.328109e-05
1.299593e-05
1.285569e-05
1.293275e-05
1.322471e-05
1.371914e-05
1.436632e-05
1.517856e-05
1.618120e-05
1.734286e-05
1.862519e-05
1.995512e-05
2.128059e-05
2.259854e-05
2.399161e-05
2.555392e-05
2.726967e-05
2.907847e-05
3.086051e-05
3.246964e-05
3.377492e-05
3.465676e-05
3.506743e-05
3.498618e-05
3.443003e-05
3.348499e-05
3.222832e-05
3.070811e-05
2.896721e-05
2.701009e-05
2.485445e-05
2.263891e-05
2.050718e-05
1.851162e-05
1.666208e-05
1.494404e-05
1.335784e-05
1.191685e-05
1.059808e-05
9.316769e-06
7.974194e-06
6.513512e-06
4.920767e-06
3.230837e-06
1.498080e-06
-1.930986e-07
-1.738067e-06
-3.103645e-06
-4.321601e-06
-5.454736e-06
-6.567425e-06
-7.660951e-06
-8.717717e-06
-9.772148e-06
-1.089143e-05
-1.218613e-05
-1.375662e-05
-1.557226e-05
-1.754340e-05
-1.959454e-05
-2.161437e-05
-2.348768e-05
-2.512544e-05
-2.646684e-05
-2.747556e-05
-2.811991e-05
-2.839650e-05
-2.829927e-05
-2.781268e-05
-2.701725e-05
-2.609659e-05
-2.518439e-05
-2.432201e-05
-2.354819e-05
-2.287727e-05
-2.230983e-05
-2.184382e-05
-2.139657e-05
-2.085672e-05
-2.015508e-05
-1.926738e-05
-1.817960e-05
-1.688791e-05
-1.541346e-05
-1.373268e-05
-1.183299e-05
-9.779222e-06
-7.693414e-06
-5.760895e-06
-4.140652e-06
-2.925051e-06
-2.159698e-06
-1.821279e-06
-1.838641e-06
-2.081059e-06
-2.410238e-06
-2.752373e-06
-3.021809e-06
-3.108714e-06
-2.951055e-06
-2.572045e-06
-2.058040e-06
-1.499846e-06
-9.938835e-07
-6.049542e-07
-3.230783e-07
-9.283615e-08
1.587858e-07
4.724780e-07
8.528860e-07
1.320888e-06
1.926495e-06
2.703300e-06
3.618237e-06
4.605295e-06
5.607674e-06
6.563277e-06
7.447095e-06
8.310204e-06
9.195817e-06
1.011000e-05
1.104485e-05
1.194855e-05
1.274595e-05
1.336394e-05
1.376120e-05
1.392750e-05
1.381446e-05
1.339617e-05
1.275113e-05
1.198871e-05
1.121770e-05
1.056035e-05
1.006621e-05
9.696893e-06
9.410530e-06
9.227102e-06
9.206280e-06
9.316622e-06
9.445272e-06
9.482107e-06
9.322805e-06
8.882523e-06
8.081463e-06
6.896708e-06
5.392332e-06
3.645680e-06
1.728187e-06
-3.299196e-07
-2.520165e-06
-4.771197e-06
-6.976480e-06
-9.007932e-06
-1.072719e-05
-1.210051e-05
-1.320213e-05
-1.408701e-05
-1.475329e-05
-1.522125e-05
-1.554754e-05
-1.575004e-05
-1.580605e-05
-1.565562e-05
-1.526029e-05
-1.467961e-05
-1.395439e-05
-1.308855e-05
-1.212479e-05
-1.112842e-05
-1.020947e-05
-9.437650e-06
-8.754249e-06
-8.092183e-06
-7.454165e-06
-6.865362e-06
-6.341826e-06
-5.892548e-06
-5.516686e-06
-5.195026e-06
-4.882043e-06
-4.502475e-06
-4.000306e-06
-3.360838e-06
-2.562930e-06
-1.598218e-06
-4.930529e-07
7.043742e-07
1.936641e-06
3.176982e-06
4.404950e-06
5.614779e-06
6.838873e-06
8.076394e-06
9.312339e-06
1.054574e-05
1.172954e-05
1.280076e-05
1.375692e-05
1.464211e-05
1.548517e-05
1.625990e-05
1.688749e-05
1.728709e-05
1.743267e-05
1.738637e-05
1.725598e-05
1.708425e-05
1.682975e-05
1.644576e-05
1.591011e-05
1.520162e-05
1.433686e-05
1.337906e-05
1.237919e-05
1.138979e-05
1.041755e-05
9.389238e-06
8.263507e-06
7.065331e-06
5.859245e-06
4.698853e-06
3.594207e-06
2.527029e-06
1.463877e-06
4.354867e-07
-4.843279e-07
-1.248847e-06
-1.846235e-06
-2.315793e-06
-2.649443e-06
-2.769502e-06
-2.631562e-06
-2.261225e-06
-1.750027e-06
-1.162662e-06
-5.068868e-07
2.045727e-07
9.462554e-07
1.650915e-06
2.244968e-06
2.697130e-06
2.990260e-06
3.133037e-06
3.133801e-06
3.006783e-06
2.830558e-06
2.678853e-06
2.564264e-06
2.485388e-06
2.440900e-06
2.410783e-06
2.373510e-06
2.319299e-06
2.248540e-06
2.152006e-06
2.005819e-06
1.828955e-06
1.627394e-06
1.349788e-06
9.843034e-07
5.454359e-07
3.463161e-08
-5.814853e-07
-1.379507e-06
-2.355672e-06
-3.394699e-06
-4.383889e-06
-5.285657e-06
-6.123903e-06
-6.928511e-06
-7.702501e-06
-8.439312e-06
-9.167209e-06
-9.910830e-06
-1.065242e-05
-1.137050e-05
-1.202433e-05
-1.257954e-05
-1.303870e-05
-1.337423e-05
-1.354972e-05
-1.354483e-05
-1.331625e-05
-1.285083e-05
-1.220878e-05
-1.148032e-05
-1.071631e-05
-9.913136e-06
-9.089202e-06
-8.284008e-06
-7.501890e-06
-6.715224e-06
-5.857955e-06
-4.892094e-06
-3.861033e-06
