8.832327e-08
8.957429e-08
9.080687e-08
9.199349e-08
9.313375e-08
9.434833e-08
9.561797e-08
9.682956e-08
9.815186e-08
9.965966e-08
1.011868e-07
1.028047e-07
1.045172e-07
1.062447e-07
1.080810e-07
1.099198e-07
1.117412e-07
1.135131e-07
1.150268e-07
1.165722e-07
1.181142e-07
1.193752e-07
1.205884e-07
1.216877e-07
1.227129e-07
1.237407e-07
1.246730e-07
1.257149e-07
1.268144e-07
1.279292e-07
1.291650e-07
1.304401e-07
1.317173e-07
1.329615e-07
1.340682e-07
1.350940e-07
1.361888e-07
1.372611e-07
1.382533e-07
1.392741e-07
1.403708e-07
1.414532e-07
1.424101e-07
1.433364e-07
1.442842e-07
1.451952e-07
1.461267e-07
1.471775e-07
1.483603e-07
1.496414e-07
1.509633e-07
1.521686e-07
1.533330e-07
1.546019e-07
1.557722e-07
1.569186e-07
1.581437e-07
1.593945e-07
1.608574e-07
1.622547e-07
1.634615e-07
1.647443e-07
1.659046e-07
1.668291e-07
1.676003e-07
1.682156e-07
1.686921e-07
1.691101e-07
1.694795e-07
1.698620e-07
1.704944e-07
1.713566e-07
1.723602e-07
1.735913e-07
1.750382e-07
1.765959e-07
1.782542e-07
1.798272e-07
1.811794e-07
1.823849e-07
1.833061e-07
1.841133e-07
1.847910e-07
1.852419e-07
1.857708e-07
1.862476e-07
1.867906e-07
1.873441e-07
1.877142e-07
1.882157e-07
1.886870e-07
1.891720e-07
1.896390e-07
1.899998e-07
1.905192e-07
1.909543e-07
1.914155e-07
1.918083e-07
1.919864e-07
1.922685e-07
1.924236e-07
1.926207e-07
1.928902e-07
1.930669e-07
1.933672e-07
1.935945e-07
1.937622e-07
1.939152e-07
1.940115e-07
1.940314e-07
1.939971e-07
1.941242e-07
1.943163e-07
1.945541e-07
1.947683e-07
1.949907e-07
1.952596e-07
1.953328e-07
1.953878e-07
1.953073e-07
1.949994e-07
1.947102e-07
1.942715e-07
1.936789e-07
1.930006e-07
1.922659e-07
1.914837e-07
1.906431e-07
1.899571e-07
1.893043e-07
1.887281e-07
1.882756e-07
1.876089e-07
1.869784e-07
1.863780e-07
1.855839e-07
1.847710e-07
1.840247e-07
1.835720e-07
1.831727e-07
1.828294e-07
1.827310e-07
1.823531e-07
1.819110e-07
1.815008e-07
1.808313e-07
1.801441e-07
1.793578e-07
1.784209e-07
1.774665e-07
1.764990e-07
1.753814e-07
1.741295e-07
1.729399e-07
1.717230e-07
1.706108e-07
1.696967e-07
1.688061e-07
1.679423e-07
1.671225e-07
1.661648e-07
1.649661e-07
1.636470e-07
1.620352e-07
1.603437e-07
1.586842e-07
1.568007e-07
1.551976e-07
1.536979e-07
1.521724e-07
1.509529e-07
1.496015e-07
1.481838e-07
1.466618e-07
1.448801e-07
1.431464e-07
1.414104e-07
1.394605e-07
1.372925e-07
1.352019e-07
1.331048e-07
1.309485e-07
1.289071e-07
1.270002e-07
1.252732e-07
1.235935e-07
1.221487e-07
1.208579e-07
1.195542e-07
1.182379e-07
1.166542e-07
1.149109e-07
1.128474e-07
1.105261e-07
1.081387e-07
1.055825e-07
1.031037e-07
1.006738e-07
9.838016e-08
9.622146e-08
9.392178e-08
9.153579e-08
8.911790e-08
8.667911e-08
8.423733e-08
8.183220e-08
7.936902e-08
7.699070e-08
7.484726e-08
7.266860e-08
7.041367e-08
6.813016e-08
6.581882e-08
6.350517e-08
6.135745e-08
5.929375e-08
5.717565e-08
5.541217e-08
5.377207e-08
5.196255e-08
5.014210e-08
4.821331e-08
4.620082e-08
4.401106e-08
4.162413e-08
3.904416e-08
3.628484e-08
3.354004e-08
3.081925e-08
2.809431e-08
2.532174e-08
2.274665e-08
2.041634e-08
1.807739e-08
1.569558e-08
1.328961e-08
1.097939e-08
8.545050e-09
5.967100e-09
3.433273e-09
8.946124e-10
-1.477041e-09
-3.797006e-09
-6.076925e-09
-8.305511e-09
-1.069958e-08
-1.305929e-08
-1.542104e-08
-1.788051e-08
-2.028025e-08
-2.266691e-08
-2.507446e-08
-2.739345e-08
-2.951750e-08
-3.159783e-08
-3.373249e-08
-3.591156e-08
-3.818195e-08
-4.042390e-08
-4.276084e-08
-4.517339e-08
-4.747837e-08
-4.978657e-08
-5.196111e-08
-5.396295e-08
-5.597915e-08
-5.807845e-08
-6.017696e-08
-6.226347e-08
-6.445752e-08
-6.659449e-08
-6.870574e-08
-7.086515e-08
-7.297398e-08
-7.511687e-08
-7.726058e-08
-7.937220e-08
-8.146589e-08
-8.355766e-08
-8.564020e-08
-8.764713e-08
-8.954471e-08
-9.136336e-08
-9.311225e-08
-9.472899e-08
-9.640047e-08
-9.807916e-08
-9.962691e-08
-1.012141e-07
-1.027869e-07
-1.043413e-07
-1.058949e-07
-1.074364e-07
-1.088552e-07
-1.101486e-07
-1.116586e-07
-1.131228e-07
-1.144715e-07
-1.159999e-07
-1.174967e-07
-1.190161e-07
-1.206337e-07
-1.222046e-07
-1.236664e-07
-1.251198e-07
-1.265999e-07
-1.279163e-07
-1.292764e-07
-1.305402e-07
-1.316504e-07
-1.330254e-07
-1.343562e-07
-1.357746e-07
-1.374637e-07
-1.391044e-07
-1.408724e-07
-1.426441e-07
-1.442845e-07
-1.457918e-07
-1.471155e-07
-1.483781e-07
-1.494110e-07
-1.501652e-07
-1.507755e-07
-1.513976e-07
-1.520192e-07
-1.525860e-07
-1.532833e-07
-1.539613e-07
-1.546392e-07
-1.554836e-07
-1.563045e-07
-1.569988e-07
-1.575598e-07
-1.580855e-07
-1.585719e-07
-1.588897e-07
-1.590961e-07
-1.593697e-07
-1.597445e-07
-1.601141e-07
-1.606181e-07
-1.611936e-07
-1.616910e-07
-1.622852e-07
-1.627817e-07
-1.631780e-07
-1.638147e-07
-1.644322e-07
-1.648893e-07
-1.654510e-07
-1.660177e-07
-1.664881e-07
-1.669534e-07
-1.672877e-07
-1.675249e-07
-1.677445e-07
-1.678456e-07
-1.680061e-07
-1.681637e-07
-1.681733e-07
-1.682898e-07
-1.684573e-07
-1.686180e-07
-1.688412e-07
-1.689970e-07
-1.690520e-07
-1.690836e-07
-1.691869e-07
-1.692209e-07
-1.691498e-07
-1.690935e-07
-1.690630e-07
-1.690515e-07
-1.689483e-07
-1.689515e-07
-1.689865e-07
-1.689152e-07
-1.689351e-07
-1.688846e-07
-1.689764e-07
-1.690883e-07
-1.689783e-07
-1.690221e-07
-1.690311e-07
-1.689734e-07
-1.689550e-07
-1.689290e-07
-1.689550e-07
-1.689336e-07
-1.690276e-07
-1.692082e-07
-1.692938e-07
-1.693801e-07
-1.695635e-07
-1.696625e-07
-1.695914e-07
-1.695057e-07
-1.691844e-07
-1.687560e-07
-1.682902e-07
-1.676867e-07
-1.672280e-07
-1.666377e-07
-1.660835e-07
-1.657687e-07
-1.653894e-07
-1.652277e-07
-1.652349e-07
-1.652531e-07
-1.653673e-07
-1.654331e-07
-1.653559e-07
-1.653194e-07
-1.653552e-07
-1.651471e-07
-1.649121e-07
-1.647037e-07
-1.643339e-07
-1.640288e-07
-1.637248e-07
-1.634764e-07
-1.633594e-07
-1.631884e-07
-1.630537e-07
-1.631352e-07
-1.632683e-07
-1.632363e-07
-1.632628e-07
-1.633214e-07
-1.631952e-07
-1.629901e-07
-1.627357e-07
-1.624756e-07
-1.621885e-07
-1.619309e-07
-1.618610e-07
-1.618604e-07
-1.619202e-07
-1.620099e-07
-1.621157e-07
-1.622632e-07
-1.622737e-07
-1.622322e-07
-1.620456e-07
-1.616542e-07
-1.612851e-07
-1.607631e-07
-1.601049e-07
-1.595412e-07
-1.591248e-07
-1.588069e-07
-1.586133e-07
-1.586473e-07
-1.586958e-07
-1.587827e-07
-1.589894e-07
-1.591259e-07
-1.592025e-07
-1.591336e-07
-1.589934e-07
-1.588727e-07
-1.585031e-07
-1.579417e-07
-1.573518e-07
-1.566830e-07
-1.560067e-07
-1.554742e-07
-1.549995e-07
-1.545063e-07
-1.542339e-07
-1.540250e-07
-1.537780e-07
-1.536891e-07
-1.534698e-07
-1.531179e-07
-1.527305e-07
-1.523053e-07
-1.520113e-07
-1.515851e-07
-1.511403e-07
-1.508378e-07
-1.503642e-07
-1.500587e-07
-1.499361e-07
-1.496085e-07
-1.494359e-07
-1.493640e-07
-1.491754e-07
-1.490073e-07
-1.488134e-07
-1.487475e-07
-1.486648e-07
-1.485953e-07
-1.486736e-07
-1.485271e-07
-1.482937e-07
-1.480127e-07
-1.476257e-07
-1.472036e-07
-1.466432e-07
-1.462153e-07
-1.458982e-07
-1.456221e-07
-1.455476e-07
-1.454837e-07
-1.454692e-07
-1.455165e-07
-1.454147e-07
-1.453938e-07
-1.454803e-07
-1.454014e-07
-1.451073e-07
-1.445937e-07
-1.440049e-07
-1.431418e-07
-1.418844e-07
-1.405229e-07
-1.391688e-07
-1.381548e-07
-1.373665e-07
-1.366687e-07
-1.364835e-07
-1.366671e-07
-1.369679e-07
-1.373725e-07
-1.377082e-07
-1.378161e-07
-1.378357e-07
-1.377102e-07
-1.372505e-07
-1.366749e-07
-1.358648e-07
-1.348519e-07
-1.338571e-07
-1.325897e-07
-1.311862e-07
-1.298837e-07
-1.286113e-07
-1.274919e-07
-1.266505e-07
-1.261070e-07
-1.256795e-07
-1.252978e-07
-1.248606e-07
-1.240225e-07
-1.229202e-07
-1.217066e-07
-1.203222e-07
-1.189524e-07
-1.178455e-07
-1.171524e-07
-1.167321e-07
-1.165488e-07
-1.165680e-07
-1.165348e-07
-1.163968e-07
-1.161262e-07
-1.156176e-07
-1.147274e-07
-1.135079e-07
-1.121147e-07
-1.105260e-07
-1.087922e-07
-1.070221e-07
-1.053057e-07
-1.037095e-07
-1.022366e-07
-1.008138e-07
-9.960201e-08
-9.867174e-08
-9.757090e-08
-9.634152e-08
-9.520716e-08
-9.383942e-08
-9.228320e-08
-9.075961e-08
-8.918813e-08
-8.755473e-08
-8.597113e-08
-8.453884e-08
-8.308378e-08
-8.156250e-08
-8.011305e-08
-7.869610e-08
-7.738100e-08
-7.614280e-08
-7.497757e-08
-7.384527e-08
-7.264458e-08
-7.151990e-08
-7.026364e-08
-6.880547e-08
-6.730641e-08
-6.557407e-08
-6.369967e-08
-6.174161e-08
-5.961564e-08
-5.753656e-08
-5.555241e-08
-5.366290e-08
-5.197520e-08
-5.045256e-08
-4.899209e-08
-4.768784e-08
-4.656865e-08
-4.527354e-08
-4.391715e-08
-4.260989e-08
-4.093616e-08
-3.910545e-08
-3.721090e-08
-3.503825e-08
-3.288027e-08
-3.079064e-08
-2.874241e-08
-2.691435e-08
-2.517249e-08
-2.351270e-08
-2.192191e-08
-2.014895e-08
-1.834678e-08
-1.644972e-08
-1.430456e-08
-1.212501e-08
-9.897542e-09
-7.714486e-09
-5.638396e-09
-3.645252e-09
-1.859068e-09
-2.400386e-10
1.308162e-09
2.801410e-09
4.248590e-09
5.765350e-09
7.366020e-09
9.046030e-09
1.090072e-08
1.280456e-08
1.470117e-08
1.667347e-08
1.844689e-08
1.999636e-08
2.156461e-08
2.294056e-08
2.426198e-08
2.572669e-08
2.717109e-08
2.864961e-08
3.019994e-08
3.177697e-08
3.334597e-08
3.501563e-08
3.665177e-08
3.814751e-08
3.964392e-08
4.109996e-08
4.257516e-08
4.397464e-08
4.534133e-08
4.672091e-08
4.810586e-08
4.964333e-08
5.117422e-08
5.285323e-08
5.464139e-08
5.622973e-08
5.773717e-08
5.920928e-08
6.064684e-08
6.207193e-08
6.345742e-08
6.479375e-08
6.612814e-08
6.748923e-08
6.895471e-08
7.054982e-08
7.220104e-08
7.393469e-08
7.561730e-08
7.728791e-08
7.901449e-08
8.068855e-08
8.235930e-08
8.396162e-08
8.547219e-08
8.687422e-08
8.816236e-08
8.935425e-08
9.048420e-08
9.173609e-08
9.292022e-08
9.399621e-08
9.516353e-08
9.630506e-08
9.746106e-08
9.867816e-08
9.989016e-08
1.010677e-07
1.020702e-07
1.028576e-07
1.035904e-07
1.042345e-07
1.047311e-07
1.053382e-07
1.060013e-07
1.066336e-07
1.074674e-07
1.083570e-07
1.091687e-07
1.100753e-07
1.109505e-07
1.116968e-07
1.124105e-07
1.129439e-07
1.134327e-07
1.139481e-07
1.143391e-07
1.148888e-07
1.154785e-07
1.160483e-07
1.168676e-07
1.177386e-07
1.185968e-07
1.194531e-07
1.202725e-07
1.210528e-07
1.217409e-07
1.223855e-07
1.229551e-07
1.234310e-07
1.238350e-07
1.242625e-07
1.246572e-07
1.249876e-07
1.254427e-07
1.258034e-07
1.261727e-07
1.267360e-07
1.271492e-07
1.275765e-07
1.280874e-07
1.284603e-07
1.287815e-07
1.290903e-07
1.293947e-07
1.296074e-07
1.297504e-07
1.299621e-07
1.302347e-07
1.305012e-07
1.307403e-07
1.310342e-07
1.313245e-07
1.316259e-07
1.318777e-07
1.320265e-07
1.323314e-07
1.326569e-07
1.329387e-07
1.332945e-07
1.336586e-07
1.341572e-07
1.346694e-07
1.351522e-07
1.356422e-07
1.359884e-07
1.363993e-07
1.367507e-07
1.369837e-07
1.373553e-07
1.375543e-07
1.377351e-07
1.379711e-07
1.378810e-07
1.377723e-07
1.376262e-07
1.374169e-07
1.372806e-07
1.370105e-07
1.369699e-07
1.371617e-07
1.372574e-07
1.374623e-07
1.376982e-07
1.377558e-07
1.376964e-07
1.375329e-07
1.373285e-07
1.370873e-07
1.367150e-07
1.364795e-07
1.363957e-07
1.363539e-07
1.364888e-07
1.366740e-07
1.370091e-07
1.374247e-07
1.377635e-07
1.380834e-07
1.382869e-07
1.384176e-07
1.384032e-07
1.383735e-07
1.382653e-07
1.379877e-07
1.379447e-07
1.378550e-07
1.376923e-07
1.377657e-07
1.378060e-07
1.377939e-07
1.376998e-07
1.374971e-07
1.372071e-07
1.367068e-07
1.361071e-07
1.353428e-07
1.345221e-07
1.338023e-07
1.329824e-07
1.321492e-07
1.313748e-07
1.306407e-07
1.298373e-07
1.290383e-07
1.283161e-07
1.275095e-07
1.268729e-07
1.260997e-07
1.252450e-07
1.247358e-07
1.240995e-07
1.233693e-07
1.226906e-07
1.221352e-07
1.216535e-07
1.211262e-07
1.207792e-07
1.204227e-07
1.201963e-07
1.200220e-07
1.196362e-07
1.191962e-07
1.185327e-07
1.177643e-07
1.169382e-07
1.160176e-07
1.152091e-07
1.144838e-07
1.138337e-07
1.132461e-07
1.127493e-07
1.122569e-07
1.116849e-07
1.112020e-07
1.106898e-07
1.100983e-07
1.096808e-07
1.093091e-07
1.088028e-07
1.082964e-07
1.077470e-07
1.070444e-07
1.061721e-07
1.051446e-07
1.040796e-07
1.028381e-07
1.013073e-07
9.969856e-08
9.803136e-08
9.638556e-08
9.491095e-08
9.361008e-08
9.269570e-08
9.223399e-08
9.212261e-08
9.231577e-08
9.279676e-08
9.354942e-08
9.426343e-08
9.484724e-08
9.531454e-08
9.550697e-08
9.554495e-08
9.543816e-08
9.517377e-08
9.476846e-08
9.420275e-08
9.358456e-08
9.278608e-08
9.182818e-08
9.080857e-08
8.965913e-08
8.854111e-08
8.756147e-08
8.665022e-08
8.579472e-08
8.517772e-08
8.472507e-08
8.423723e-08
8.389910e-08
8.365276e-08
8.354188e-08
8.359671e-08
8.360121e-08
8.377607e-08
8.398629e-08
8.408414e-08
8.422677e-08
8.415710e-08
8.389890e-08
8.369472e-08
8.336888e-08
8.281648e-08
8.232463e-08
8.195351e-08
8.156640e-08
8.114054e-08
8.070151e-08
8.030088e-08
7.986332e-08
7.944899e-08
7.902079e-08
7.861942e-08
7.827265e-08
7.775662e-08
7.731577e-08
7.689502e-08
7.640390e-08
7.606582e-08
7.570235e-08
7.535234e-08
7.512993e-08
7.496327e-08
7.475977e-08
7.455096e-08
7.437580e-08
7.411327e-08
7.380911e-08
7.340694e-08
7.296571e-08
7.258466e-08
7.220390e-08
7.190182e-08
7.154206e-08
7.119909e-08
7.098983e-08
7.069324e-08
7.034395e-08
6.996070e-08
6.959687e-08
6.935924e-08
6.913403e-08
6.890520e-08
6.878248e-08
6.881961e-08
6.883087e-08
6.875817e-08
6.873598e-08
6.859178e-08
6.822617e-08
6.783727e-08
6.741375e-08
6.699789e-08
6.677355e-08
6.656677e-08
6.644876e-08
6.643485e-08
6.639635e-08
6.645139e-08
6.632085e-08
6.611285e-08
6.586245e-08
6.546028e-08
6.525022e-08
6.491771e-08
6.449015e-08
6.423296e-08
6.383013e-08
6.333370e-08
6.295155e-08
6.262495e-08
6.226242e-08
6.199049e-08
6.178310e-08
6.152256e-08
6.133365e-08
6.110769e-08
6.075487e-08
6.041818e-08
5.994984e-08
5.935584e-08
5.882080e-08
5.818739e-08
5.761085e-08
5.714866e-08
5.663000e-08
5.622710e-08
5.581911e-08
5.538852e-08
5.504879e-08
5.466370e-08
5.421794e-08
5.375865e-08
5.338072e-08
5.293193e-08
5.239311e-08
5.199629e-08
5.154298e-08
5.098882e-08
5.050154e-08
5.002664e-08
4.950371e-08
4.885800e-08
4.815767e-08
4.747147e-08
4.668580e-08
4.585981e-08
4.502502e-08
4.403777e-08
4.306281e-08
4.225537e-08
4.148032e-08
4.071842e-08
3.994889e-08
3.912422e-08
3.815991e-08
3.706821e-08
3.593238e-08
3.465106e-08
3.339118e-08
3.230083e-08
3.126722e-08
3.030971e-08
2.952634e-08
2.879864e-08
2.803736e-08
2.732216e-08
2.644045e-08
2.549355e-08
2.455847e-08
2.343142e-08
2.226269e-08
2.099985e-08
1.971700e-08
1.847829e-08
1.707907e-08
1.559365e-08
1.409231e-08
1.254272e-08
1.105072e-08
9.727830e-09
8.520600e-09
7.463160e-09
6.495350e-09
5.535570e-09
4.540167e-09
3.514615e-09
2.478026e-09
1.149123e-09
-2.319816e-10
-1.610074e-09
-3.181611e-09
-4.601563e-09
-6.007400e-09
-7.529782e-09
-8.993883e-09
-1.040171e-08
-1.184946e-08
-1.328858e-08
-1.465044e-08
-1.605570e-08
-1.744149e-08
-1.883668e-08
-2.023039e-08
-2.173795e-08
-2.335708e-08
-2.488234e-08
-2.658034e-08
-2.820324e-08
-2.970623e-08
-3.138396e-08
-3.297733e-08
-3.464140e-08
-3.640135e-08
-3.812603e-08
-3.996917e-08
-4.183354e-08
-4.373324e-08
-4.569207e-08
-4.758625e-08
-4.943765e-08
-5.120885e-08
-5.291438e-08
-5.461443e-08
-5.615921e-08
-5.760589e-08
-5.919849e-08
-6.090819e-08
-6.258704e-08
-6.425639e-08
-6.597911e-08
-6.775346e-08
-6.950225e-08
-7.112131e-08
-7.275154e-08
-7.438147e-08
-7.594932e-08
-7.766506e-08
-7.951885e-08
-8.143232e-08
-8.337791e-08
-8.539936e-08
-8.749865e-08
-8.963996e-08
-9.183457e-08
-9.393701e-08
-9.601437e-08
-9.802550e-08
-9.985869e-08
-1.016400e-07
-1.033142e-07
-1.049513e-07
-1.067670e-07
-1.086586e-07
-1.105911e-07
-1.127922e-07
-1.149383e-07
-1.169455e-07
-1.189858e-07
-1.206088e-07
-1.220537e-07
-1.234845e-07
-1.248131e-07
-1.263292e-07
-1.279161e-07
-1.298061e-07
-1.319259e-07
-1.340944e-07
-1.365359e-07
-1.388962e-07
-1.411847e-07
-1.434292e-07
-1.453588e-07
-1.470692e-07
-1.487003e-07
-1.502637e-07
-1.515391e-07
-1.527541e-07
-1.540546e-07
-1.553241e-07
-1.569253e-07
-1.587253e-07
-1.605228e-07
-1.622299e-07
-1.637532e-07
-1.652315e-07
-1.663216e-07
-1.670891e-07
-1.677446e-07
-1.682969e-07
-1.689464e-07
-1.696138e-07
-1.704801e-07
-1.714965e-07
-1.725763e-07
-1.738022e-07
-1.748921e-07
-1.759768e-07
-1.770822e-07
-1.780878e-07
-1.791002e-07
-1.800702e-07
-1.810274e-07
-1.819947e-07
-1.830474e-07
-1.842600e-07
-1.854416e-07
-1.866142e-07
-1.879437e-07
-1.892659e-07
-1.906204e-07
-1.919721e-07
-1.931016e-07
-1.942001e-07
-1.950960e-07
-1.957877e-07
-1.966869e-07
-1.975505e-07
-1.983123e-07
-1.992627e-07
-2.002801e-07
-2.012250e-07
-2.021343e-07
-2.029996e-07
-2.038066e-07
-2.044805e-07
-2.050708e-07
-2.057173e-07
-2.063348e-07
-2.068412e-07
-2.072797e-07
-2.076273e-07
-2.078472e-07
-2.081557e-07
-2.084183e-07
-2.085610e-07
-2.090598e-07
-2.095786e-07
-2.100670e-07
-2.108653e-07
-2.115950e-07
-2.123379e-07
-2.130947e-07
-2.137293e-07
-2.143147e-07
-2.148275e-07
-2.153957e-07
-2.159019e-07
-2.163985e-07
-2.169410e-07
-2.173668e-07
-2.177349e-07
-2.180380e-07
-2.181517e-07
-2.181426e-07
-2.182868e-07
-2.183702e-07
-2.182737e-07
-2.183011e-07
-2.183029e-07
-2.182500e-07
-2.182645e-07
-2.181743e-07
-2.180188e-07
-2.178813e-07
-2.176313e-07
-2.173166e-07
-2.169011e-07
-2.165383e-07
-2.163009e-07
-2.158917e-07
-2.157727e-07
-2.158642e-07
-2.158761e-07
-2.160325e-07
-2.160019e-07
-2.159644e-07
-2.158358e-07
-2.155434e-07
-2.152585e-07
-2.147487e-07
-2.144878e-07
-2.142726e-07
-2.138908e-07
-2.135554e-07
-2.130358e-07
-2.125907e-07
-2.120144e-07
-2.111916e-07
-2.103775e-07
-2.094445e-07
-2.085408e-07
-2.077219e-07
-2.069254e-07
-2.061006e-07
-2.052470e-07
-2.044652e-07
-2.036076e-07
-2.026484e-07
-2.017008e-07
-2.007897e-07
-1.999352e-07
-1.989655e-07
-1.980146e-07
-1.971851e-07
-1.961274e-07
-1.951435e-07
-1.942205e-07
-1.931383e-07
-1.922916e-07
-1.913985e-07
-1.903564e-07
-1.893559e-07
-1.883507e-07
-1.873500e-07
-1.862452e-07
-1.852059e-07
-1.842049e-07
-1.831815e-07
-1.821765e-07
-1.810886e-07
-1.799515e-07
-1.787460e-07
-1.775175e-07
-1.761653e-07
-1.747685e-07
-1.734056e-07
-1.719090e-07
-1.704802e-07
-1.690002e-07
-1.674175e-07
-1.658724e-07
-1.641098e-07
-1.622849e-07
-1.604591e-07
-1.585883e-07
-1.568964e-07
-1.552136e-07
-1.536044e-07
-1.520983e-07
-1.505198e-07
-1.489983e-07
-1.473532e-07
-1.456163e-07
-1.439478e-07
-1.421964e-07
-1.403123e-07
-1.383416e-07
-1.363253e-07
-1.340952e-07
-1.318562e-07
-1.296381e-07
-1.273048e-07
-1.252228e-07
-1.231872e-07
-1.212035e-07
-1.194194e-07
-1.176368e-07
-1.159650e-07
-1.142011e-07
-1.122615e-07
-1.101701e-07
-1.079817e-07
-1.058554e-07
-1.036430e-07
-1.014276e-07
-9.921365e-08
-9.695982e-08
-9.468547e-08
-9.230769e-08
-8.989068e-08
-8.735955e-08
-8.475394e-08
-8.223472e-08
-7.974507e-08
-7.726165e-08
-7.493696e-08
-7.268951e-08
-7.043729e-08
-6.830143e-08
-6.610669e-08
-6.383093e-08
-6.156406e-08
-5.932189e-08
-5.697826e-08
-5.441503e-08
-5.186061e-08
-4.916659e-08
-4.635715e-08
-4.352028e-08
-4.052803e-08
-3.762155e-08
-3.480164e-08
-3.207080e-08
-2.949973e-08
-2.708707e-08
-2.467612e-08
-2.211820e-08
-1.950948e-08
-1.672401e-08
-1.387990e-08
-1.094992e-08
-7.903750e-09
-4.963231e-09
-2.003065e-09
8.585224e-10
3.595405e-09
6.371140e-09
9.215030e-09
1.203367e-08
1.486224e-08
1.792918e-08
2.094467e-08
2.391155e-08
2.704435e-08
3.015205e-08
3.332962e-08
3.662527e-08
3.993190e-08
4.319503e-08
4.640267e-08
4.954642e-08
5.250842e-08
5.534292e-08
5.798581e-08
6.049802e-08
6.312964e-08
6.564488e-08
6.811047e-08
7.067330e-08
7.313289e-08
7.553372e-08
7.786591e-08
8.019447e-08
8.247877e-08
8.479336e-08
8.729484e-08
8.981971e-08
9.260164e-08
9.563265e-08
9.880186e-08
1.020749e-07
1.052634e-07
1.085643e-07
1.116794e-07
1.145625e-07
1.175165e-07
1.202723e-07
1.229592e-07
1.255989e-07
1.281455e-07
1.308219e-07
1.335497e-07
1.363628e-07
1.393172e-07
1.424022e-07
1.456027e-07
1.490316e-07
1.526410e-07
1.562057e-07
1.598482e-07
1.632631e-07
1.664500e-07
1.695865e-07
1.722864e-07
1.748573e-07
1.774466e-07
1.799136e-07
1.825190e-07
1.853787e-07
1.882871e-07
1.910987e-07
1.939942e-07
1.966735e-07
1.991853e-07
2.017530e-07
2.040619e-07
2.063341e-07
2.086217e-07
2.108979e-07
2.131547e-07
2.152977e-07
2.175162e-07
2.196691e-07
2.218312e-07
2.240235e-07
2.261806e-07
2.284854e-07
2.308411e-07
2.332559e-07
2.356560e-07
2.379400e-07
2.400736e-07
2.421138e-07
2.441674e-07
2.460998e-07
2.480625e-07
2.500797e-07
2.521446e-07
2.543117e-07
2.563140e-07
2.581857e-07
2.600577e-07
2.618552e-07
2.634545e-07
2.649787e-07
2.665290e-07
2.680163e-07
2.695435e-07
2.711335e-07
2.727290e-07
2.742846e-07
2.758499e-07
2.773700e-07
2.788132e-07
2.802445e-07
2.815582e-07
2.828629e-07
2.840247e-07
2.850489e-07
2.861304e-07
2.870618e-07
2.879812e-07
2.889251e-07
2.897657e-07
2.906286e-07
2.915043e-07
2.923381e-07
2.931809e-07
2.939762e-07
2.945809e-07
2.951852e-07
2.957123e-07
2.959543e-07
2.961628e-07
2.962613e-07
2.961759e-07
2.960269e-07
2.957864e-07
2.955554e-07
2.953846e-07
2.953000e-07
2.952258e-07
2.951295e-07
2.951250e-07
2.950792e-07
2.948653e-07
2.944974e-07
2.940968e-07
2.936582e-07
2.930608e-07
2.924308e-07
2.918562e-07
2.913360e-07
2.908176e-07
2.902868e-07
2.897686e-07
2.892296e-07
2.886986e-07
2.881175e-07
2.874872e-07
2.867252e-07
2.858247e-07
2.849443e-07
2.838716e-07
2.827088e-07
2.816279e-07
2.803695e-07
2.790462e-07
2.777359e-07
2.763617e-07
2.749841e-07
2.735232e-07
2.720215e-07
2.705563e-07
2.691086e-07
2.675977e-07
2.660629e-07
2.646669e-07
2.632030e-07
2.615675e-07
2.599211e-07
2.582836e-07
2.565160e-07
2.546620e-07
2.529849e-07
2.512405e-07
2.493799e-07
2.476256e-07
2.458225e-07
2.440219e-07
2.422256e-07
2.403209e-07
2.382306e-07
2.359362e-07
2.334689e-07
2.308664e-07
2.282651e-07
2.256128e-07
2.230253e-07
2.205067e-07
2.181142e-07
2.159191e-07
2.135673e-07
2.111846e-07
2.086522e-07
2.057580e-07
2.026714e-07
1.994582e-07
1.961660e-07
1.927505e-07
1.895295e-07
1.863716e-07
1.832164e-07
1.802547e-07
1.771966e-07
1.742224e-07
1.712299e-07
1.681495e-07
1.649734e-07
1.616460e-07
1.583522e-07
1.547198e-07
1.510423e-07
1.474948e-07
1.437136e-07
1.399851e-07
1.364281e-07
1.330017e-07
1.298285e-07
1.268720e-07
1.239157e-07
1.210010e-07
1.180640e-07
1.149638e-07
1.117373e-07
1.082258e-07
1.045107e-07
1.006798e-07
9.683646e-08
9.301089e-08
8.910454e-08
8.535566e-08
8.174050e-08
7.802032e-08
7.421106e-08
7.042299e-08
6.652751e-08
6.271444e-08
5.914522e-08
5.549832e-08
5.196710e-08
4.845305e-08
4.479369e-08
4.116732e-08
3.739703e-08
3.357859e-08
2.976658e-08
2.594711e-08
2.207804e-08
1.823204e-08
1.455871e-08
1.080874e-08
7.185270e-09
3.592438e-09
-1.877776e-10
-3.913192e-09
-7.741394e-09
-1.162909e-08
-1.566711e-08
-1.981280e-08
-2.398428e-08
-2.840050e-08
-3.263155e-08
-3.691191e-08
-4.129918e-08
-4.527187e-08
-4.927122e-08
-5.317225e-08
-5.679222e-08
-6.046154e-08
-6.406400e-08
-6.768816e-08
-7.138630e-08
-7.509370e-08
-7.887036e-08
-8.267498e-08
-8.643394e-08
-9.016144e-08
-9.391664e-08
-9.764492e-08
-1.014391e-07
-1.053803e-07
-1.093774e-07
-1.134020e-07
-1.174790e-07
-1.214932e-07
-1.253407e-07
-1.290728e-07
-1.325989e-07
-1.361128e-07
-1.396395e-07
-1.430343e-07
-1.464628e-07
-1.497962e-07
-1.531559e-07
-1.564075e-07
-1.594442e-07
-1.624369e-07
-1.650911e-07
-1.677825e-07
-1.705961e-07
-1.733694e-07
-1.764046e-07
-1.795861e-07
-1.828965e-07
-1.862793e-07
-1.898110e-07
-1.935004e-07
-1.971063e-07
-2.006783e-07
-2.040467e-07
-2.072233e-07
-2.103060e-07
-2.130977e-07
-2.156604e-07
-2.179872e-07
-2.199294e-07
-2.216691e-07
-2.232700e-07
-2.245825e-07
-2.257386e-07
-2.268087e-07
-2.278181e-07
-2.288732e-07
-2.300477e-07
-2.315244e-07
-2.332877e-07
-2.353565e-07
-2.377391e-07
-2.402364e-07
-2.428221e-07
-2.452968e-07
-2.476839e-07
-2.501577e-07
-2.524253e-07
-2.544307e-07
-2.562509e-07
-2.578534e-07
-2.591938e-07
-2.602851e-07
-2.612500e-07
-2.620614e-07
-2.628016e-07
-2.634643e-07
-2.640119e-07
-2.646066e-07
-2.653069e-07
-2.660193e-07
-2.666226e-07
-2.672053e-07
-2.677414e-07
-2.682478e-07
-2.688130e-07
-2.693517e-07
-2.700028e-07
-2.708043e-07
-2.716314e-07
-2.724219e-07
-2.732156e-07
-2.740057e-07
-2.745761e-07
-2.750076e-07
-2.754023e-07
-2.754683e-07
-2.751936e-07
-2.748224e-07
-2.743230e-07
-2.737258e-07
-2.730658e-07
-2.724824e-07
-2.721178e-07
-2.717056e-07
-2.713698e-07
-2.711881e-07
-2.710018e-07
-2.708140e-07
-2.705199e-07
-2.702377e-07
-2.697174e-07
-2.687900e-07
-2.677157e-07
-2.664497e-07
-2.651046e-07
-2.638220e-07
-2.626793e-07
-2.616329e-07
-2.606238e-07
-2.596790e-07
-2.587192e-07
-2.577691e-07
-2.565171e-07
-2.550888e-07
-2.537370e-07
-2.520942e-07
-2.504306e-07
-2.487792e-07
-2.469527e-07
-2.451692e-07
-2.433793e-07
-2.417144e-07
-2.399891e-07
-2.380995e-07
-2.363095e-07
-2.344567e-07
-2.326418e-07
-2.308821e-07
-2.291047e-07
-2.275011e-07
-2.259473e-07
-2.243824e-07
-2.227914e-07
-2.209827e-07
-2.189819e-07
-2.169788e-07
-2.147916e-07
-2.122885e-07
-2.096839e-07
-2.069120e-07
-2.039299e-07
-2.008039e-07
-1.977081e-07
-1.946559e-07
-1.914554e-07
-1.884111e-07
-1.855575e-07
-1.827653e-07
-1.800513e-07
-1.772374e-07
-1.744533e-07
-1.717200e-07
-1.688343e-07
-1.658312e-07
-1.627748e-07
-1.596508e-07
-1.564825e-07
-1.532957e-07
-1.500927e-07
-1.468655e-07
-1.437276e-07
-1.407428e-07
-1.377643e-07
-1.348773e-07
-1.319681e-07
-1.289645e-07
-1.260382e-07
-1.230228e-07
-1.199130e-07
-1.167023e-07
-1.135386e-07
-1.104090e-07
-1.071458e-07
-1.040431e-07
-1.009510e-07
-9.785733e-08
-9.478719e-08
-9.154268e-08
-8.832556e-08
-8.510602e-08
-8.188526e-08
-7.867086e-08
-7.538614e-08
-7.215848e-08
-6.901003e-08
-6.592882e-08
-6.296495e-08
-5.998875e-08
-5.692965e-08
-5.388544e-08
-5.066694e-08
-4.745411e-08
-4.433908e-08
-4.099505e-08
-3.765576e-08
-3.444687e-08
-3.143747e-08
-2.862737e-08
-2.588874e-08
-2.330308e-08
-2.066528e-08
-1.781526e-08
-1.472751e-08
-1.154105e-08
-8.233252e-09
-4.780264e-09
-1.471379e-09
1.792460e-09
4.960370e-09
7.978460e-09
1.085031e-08
1.359210e-08
1.645262e-08
1.923246e-08
2.197501e-08
2.476054e-08
2.749484e-08
3.028349e-08
3.295302e-08
3.558843e-08
3.822916e-08
4.071551e-08
4.318652e-08
4.558723e-08
4.777679e-08
4.988072e-08
5.189094e-08
5.383124e-08
5.593721e-08
5.801123e-08
6.019126e-08
6.250067e-08
6.448106e-08
6.660424e-08
6.873566e-08
7.069242e-08
7.289347e-08
7.491796e-08
7.697742e-08
7.917832e-08
8.129926e-08
8.351888e-08
8.552337e-08
8.747617e-08
8.946773e-08
9.131202e-08
9.310728e-08
9.474689e-08
9.634466e-08
9.790676e-08
9.936226e-08
1.007819e-07
1.021681e-07
1.034905e-07
1.047383e-07
1.060866e-07
1.075086e-07
1.090242e-07
1.105728e-07
1.120049e-07
1.135763e-07
1.151319e-07
1.165978e-07
1.180945e-07
1.193528e-07
1.204934e-07
1.215210e-07
1.223892e-07
1.232816e-07
1.239934e-07
1.246553e-07
1.255119e-07
1.263890e-07
1.272306e-07
1.280694e-07
1.288529e-07
1.295165e-07
1.299986e-07
1.302710e-07
1.304766e-07
1.305132e-07
1.303306e-07
1.302473e-07
1.301212e-07
1.299679e-07
1.299989e-07
1.300055e-07
1.300062e-07
1.300539e-07
1.300895e-07
1.301174e-07
1.300529e-07
1.299666e-07
1.299025e-07
1.297381e-07
1.296896e-07
1.297361e-07
1.296107e-07
1.295325e-07
1.294025e-07
1.291270e-07
1.288138e-07
1.283859e-07
1.279295e-07
1.272782e-07
1.265389e-07
1.257477e-07
1.246352e-07
1.234455e-07
1.221465e-07
1.206987e-07
1.193657e-07
1.181463e-07
1.170877e-07
1.162400e-07
1.154052e-07
1.146702e-07
1.140627e-07
1.132045e-07
1.122526e-07
1.112763e-07
1.100768e-07
1.087740e-07
1.075017e-07
1.063086e-07
1.051007e-07
1.041146e-07
1.033207e-07
1.025304e-07
1.018457e-07
1.010512e-07
1.002023e-07
9.916276e-08
9.771736e-08
9.618546e-08
9.458417e-08
9.275872e-08
9.094523e-08
8.935113e-08
