2.982252e-05
3.173696e-05
3.430923e-05
3.745299e-05
4.098887e-05
4.462339e-05
4.803825e-05
5.105355e-05
5.340905e-05
5.497651e-05
5.579808e-05
5.606925e-05
5.619084e-05
5.615005e-05
5.560409e-05
5.438820e-05
5.249867e-05
5.005207e-05
4.708453e-05
4.352962e-05
3.934746e-05
3.473462e-05
3.001327e-05
2.524780e-05
2.047525e-05
1.568561e-05
1.070619e-05
5.375132e-06
-4.464006e-07
-6.816288e-06
-1.375670e-05
-2.108745e-05
-2.838681e-05
-3.522425e-05
-4.120098e-05
-4.611716e-05
-4.992778e-05
-5.257793e-05
-5.404552e-05
-5.441404e-05
-5.392239e-05
-5.282036e-05
-5.129436e-05
-4.952140e-05
-4.766493e-05
-4.585960e-05
-4.422227e-05
-4.284023e-05
-4.158069e-05
-4.020261e-05
-3.861151e-05
-3.674546e-05
-3.469209e-05
-3.260093e-05
-3.034494e-05
-2.781598e-05
-2.511229e-05
-2.229482e-05
-1.929694e-05
-1.614417e-05
-1.294966e-05
-9.590903e-06
-5.901114e-06
-1.920782e-06
2.142106e-06
6.098472e-06
9.966193e-06
1.380482e-05
1.777867e-05
2.208413e-05
2.667923e-05
3.143616e-05
3.626151e-05
4.114779e-05
4.607524e-05
5.091559e-05
5.556789e-05
6.007234e-05
6.456977e-05
6.898639e-05
7.305561e-05
7.666959e-05
7.976583e-05
8.219071e-05
8.397747e-05
8.533480e-05
8.629529e-05
8.674898e-05
8.671341e-05
8.631250e-05
8.556079e-05
8.432954e-05
8.248115e-05
8.004401e-05
7.715706e-05
7.380286e-05
7.001547e-05
6.607554e-05
6.219010e-05
5.835083e-05
5.447426e-05
5.051944e-05
4.648978e-05
4.243351e-05
3.842279e-05
3.439706e-05
3.014311e-05
2.550494e-05
2.050432e-05
1.525940e-05
9.975183e-06
4.842304e-06
-1.577944e-07
-5.130957e-06
-1.021826e-05
-1.552445e-05
-2.083788e-05
-2.589542e-05
-3.076412e-05
-3.559230e-05
-4.038080e-05
-4.518022e-05
-5.011900e-05
-5.515195e-05
-6.011357e-05
-6.489008e-05
-6.937613e-05
-7.348743e-05
-7.721895e-05
-8.062372e-05
-8.375464e-05
-8.654604e-05
-8.875560e-05
-9.019365e-05
-9.090252e-05
-9.099596e-05
-9.062701e-05
-8.997645e-05
-8.901194e-05
-8.756063e-05
-8.553234e-05
-8.287449e-05
-7.954189e-05
-7.554524e-05
-7.102369e-05
-6.620052e-05
-6.124344e-05
-5.635442e-05
-5.174564e-05
-4.740877e-05
-4.313933e-05
-3.875665e-05
-3.424652e-05
-2.972092e-05
-2.534128e-05
-2.127148e-05
-1.757637e-05
-1.421076e-05
-1.105063e-05
-7.836412e-06
-4.352060e-06
-6.386443e-07
3.237276e-06
7.268215e-06
1.135692e-05
1.532216e-05
1.880624e-05
2.146273e-05
2.332609e-05
2.468236e-05
2.577368e-05
2.669083e-05
2.739308e-05
2.788274e-05
2.835385e-05
2.895945e-05
2.965048e-05
3.035317e-05
3.092669e-05
3.115407e-05
3.088398e-05
3.005017e-05
2.863301e-05
2.652821e-05
2.363480e-05
2.007445e-05
1.606684e-05
1.170836e-05
7.034746e-06
2.146103e-06
-2.767395e-06
-7.346864e-06
-1.123409e-05
-1.439902e-05
-1.703946e-05
-1.927837e-05
-2.117789e-05
-2.282328e-05
-2.416162e-05
-2.500826e-05
-2.523270e-05
-2.477376e-05
-2.364076e-05
-2.198589e-05
-2.008990e-05
-1.816087e-05
-1.621214e-05
-1.425202e-05
-1.236407e-05
-1.053219e-05
-8.685822e-06
-6.807133e-06
-4.765381e-06
-2.365243e-06
3.395416e-07
3.139841e-06
5.993125e-06
8.904226e-06
1.174803e-05
1.443288e-05
1.698925e-05
1.943055e-05
2.166454e-05
2.367696e-05
2.557197e-05
2.736684e-05
2.900777e-05
3.046206e-05
3.173604e-05
3.284511e-05
3.386891e-05
3.495096e-05
3.612444e-05
3.734738e-05
3.855761e-05
3.973356e-05
4.093252e-05
4.220689e-05
4.362381e-05
4.518183e-05
4.685945e-05
4.871848e-05
5.079978e-05
5.303499e-05
5.520864e-05
5.711926e-05
5.867308e-05
5.980461e-05
6.033334e-05
6.000916e-05
5.887335e-05
5.715929e-05
5.504527e-05
5.266966e-05
5.014090e-05
4.766489e-05
4.539896e-05
4.330565e-05
4.130277e-05
3.922156e-05
3.683380e-05
3.403501e-05
3.089568e-05
2.754709e-05
2.394867e-05
1.990792e-05
1.539376e-05
1.059193e-05
5.719773e-06
1.015381e-06
-3.321685e-06
-7.220990e-06
-1.061548e-05
-1.346115e-05
-1.585590e-05
-1.802399e-05
-2.019743e-05
-2.244980e-05
-2.479150e-05
-2.730289e-05
-3.002461e-05
-3.284857e-05
-3.552416e-05
-3.788809e-05
-4.000253e-05
-4.196902e-05
-4.386433e-05
-4.576439e-05
-4.768403e-05
-4.960919e-05
-5.152000e-05
-5.333441e-05
-5.489258e-05
-5.596125e-05
-5.629621e-05
-5.587469e-05
-5.487674e-05
-5.338398e-05
-5.142992e-05
-4.905043e-05
-4.625249e-05
-4.313732e-05
-3.980874e-05
-3.643809e-05
-3.332492e-05
-3.064358e-05
-2.837472e-05
-2.643647e-05
-2.479838e-05
-2.335707e-05
-2.192413e-05
-2.038194e-05
-1.860867e-05
-1.652352e-05
-1.415987e-05
-1.162307e-05
-9.089849e-06
-6.764054e-06
-4.790959e-06
-3.156547e-06
-1.743852e-06
-5.178153e-07
4.500502e-07
1.172377e-06
1.742882e-06
2.147565e-06
2.281628e-06
2.012247e-06
1.311168e-06
2.715355e-07
-1.051369e-06
-2.581058e-06
-4.189886e-06
-5.713360e-06
-6.968189e-06
-7.879498e-06
-8.463681e-06
-8.792308e-06
-8.932657e-06
-8.762589e-06
-8.104360e-06
-6.975527e-06
-5.449887e-06
-3.571810e-06
-1.483973e-06
6.324322e-07
2.712363e-06
4.721632e-06
6.522638e-06
8.015645e-06
9.213313e-06
1.015162e-05
1.085568e-05
1.137566e-05
1.180807e-05
1.220220e-05
1.261458e-05
1.312517e-05
1.379369e-05
1.473414e-05
1.592476e-05
1.722291e-05
1.859910e-05
2.009380e-05
2.183694e-05
2.393869e-05
2.625684e-05
2.841862e-05
3.004322e-05
3.098333e-05
3.125350e-05
3.093134e-05
3.014760e-05
2.897272e-05
2.750229e-05
2.589296e-05
2.427280e-05
2.270495e-05
2.117360e-05
1.965839e-05
1.803579e-05
1.616064e-05
1.411145e-05
1.201377e-05
9.907213e-06
7.802991e-06
5.712542e-06
3.628353e-06
1.471067e-06
-7.568608e-07
-2.936446e-06
-5.049043e-06
-7.193658e-06
-9.452302e-06
-1.176592e-05
-1.393230e-05
-1.580520e-05
-1.737878e-05
-1.871816e-05
-1.987801e-05
-2.086736e-05
-2.175948e-05
-2.264196e-05
-2.354805e-05
-2.457718e-05
-2.582722e-05
-2.731299e-05
-2.895968e-05
-3.063962e-05
-3.230720e-05
-3.392000e-05
-3.532722e-05
-3.630517e-05
-3.666862e-05
-3.640738e-05
-3.562240e-05
-3.439458e-05
-3.275105e-05
-3.072365e-05
-2.838874e-05
-2.583824e-05
-2.317356e-05
-2.042854e-05
-1.762243e-05
-1.482967e-05
-1.208074e-05
-9.385247e-06
-6.766555e-06
-4.310143e-06
-2.049512e-06
1.633743e-07
2.349909e-06
4.391726e-06
6.273115e-06
7.987066e-06
9.520203e-06
1.093983e-05
1.231118e-05
1.361247e-05
1.479133e-05
1.580064e-05
1.660645e-05
1.721313e-05
1.760778e-05
1.776341e-05
1.772774e-05
1.762943e-05
1.753415e-05
1.740771e-05
1.732590e-05
1.746302e-05
1.782671e-05
1.826937e-05
1.867767e-05
1.895801e-05
1.902042e-05
1.880796e-05
1.825139e-05
1.731647e-05
1.603940e-05
1.449493e-05
1.273443e-05
1.081020e-05
8.889079e-06
7.170252e-06
5.832828e-06
5.021739e-06
4.775338e-06
5.081020e-06
5.888182e-06
7.085062e-06
8.510684e-06
1.003994e-05
1.165850e-05
1.334956e-05
1.499781e-05
1.643500e-05
1.754660e-05
1.832580e-05
1.879894e-05
1.891843e-05
1.868994e-05
1.828375e-05
1.778561e-05
1.717940e-05
1.658066e-05
1.618358e-05
1.615653e-05
1.662394e-05
1.756176e-05
1.882819e-05
2.032074e-05
2.192077e-05
2.347878e-05
2.489162e-05
2.605925e-05
2.690671e-05
2.742707e-05
2.758252e-05
2.724820e-05
2.639910e-05
2.512654e-05
2.347442e-05
2.152609e-05
1.943789e-05
1.733090e-05
1.525577e-05
1.325791e-05
1.140364e-05
9.744383e-06
8.342615e-06
7.173883e-06
6.094457e-06
4.958679e-06
3.660375e-06
2.177234e-06
5.576162e-07
-1.141616e-06
-2.912396e-06
-4.811386e-06
-6.905097e-06
-9.201544e-06
-1.158249e-05
-1.393497e-05
-1.631737e-05
-1.879729e-05
-2.133692e-05
-2.393750e-05
-2.659478e-05
-2.918144e-05
-3.153727e-05
-3.345523e-05
-3.468076e-05
-3.510559e-05
-3.478398e-05
-3.379874e-05
-3.223696e-05
-3.021392e-05
-2.789907e-05
-2.551002e-05
-2.324038e-05
-2.122478e-05
-1.950640e-05
-1.799593e-05
-1.656100e-05
-1.518907e-05
-1.400768e-05
-1.310162e-05
-1.240921e-05
-1.175891e-05
-1.096287e-05
-9.991430e-06
-8.951408e-06
-7.939930e-06
-6.983396e-06
-6.111114e-06
-5.488439e-06
-5.314278e-06
-5.720096e-06
-6.719893e-06
-8.235196e-06
-1.023028e-05
-1.259945e-05
-1.510051e-05
-1.741524e-05
-1.927604e-05
-2.058092e-05
-2.129182e-05
-2.145650e-05
-2.117294e-05
-2.051939e-05
-1.968741e-05
-1.893958e-05
-1.845578e-05
-1.831217e-05
-1.851855e-05
-1.901320e-05
-1.966854e-05
-2.032020e-05
-2.088857e-05
-2.147011e-05
-2.216031e-05
-2.292327e-05
-2.358961e-05
-2.397546e-05
-2.404530e-05
-2.380040e-05
-2.323275e-05
-2.241282e-05
-2.142449e-05
-2.034267e-05
-1.924801e-05
-1.817879e-05
-1.716334e-05
-1.624604e-05
-1.543696e-05
-1.468375e-05
-1.389390e-05
-1.299032e-05
-1.190963e-05
-1.069457e-05
-9.474123e-06
-8.200566e-06
-6.723984e-06
-4.950518e-06
-2.861501e-06
-5.641867e-07
1.789667e-06
4.037906e-06
6.032882e-06
7.639452e-06
8.776527e-06
9.541493e-06
1.003354e-05
1.024764e-05
1.018251e-05
9.874023e-06
9.433753e-06
9.035735e-06
8.837365e-06
8.910749e-06
9.243474e-06
9.748723e-06
1.027889e-05
1.074122e-05
1.115059e-05
1.153811e-05
1.186149e-05
1.200408e-05
1.184652e-05
1.136749e-05
1.067032e-05
9.893973e-06
9.195195e-06
8.776497e-06
8.747492e-06
9.040374e-06
9.594753e-06
1.049089e-05
1.176711e-05
1.328718e-05
1.490587e-05
1.650306e-05
1.796262e-05
1.928811e-05
2.052628e-05
2.166857e-05
2.263818e-05
2.332929e-05
2.374282e-05
2.398484e-05
2.417203e-05
2.435372e-05
2.446803e-05
2.437218e-05
2.390445e-05
2.294771e-05
2.148480e-05
1.960253e-05
1.738710e-05
1.488477e-05
1.219600e-05
9.507903e-06
7.009784e-06
4.813808e-06
2.929903e-06
1.324861e-06
5.968182e-08
-7.900098e-07
-1.233937e-06
-1.308842e-06
-1.184398e-06
-1.055661e-06
-9.467837e-07
-8.935648e-07
-9.796724e-07
-1.240803e-06
-1.710516e-06
-2.410601e-06
-3.299711e-06
-4.217956e-06
-4.932651e-06
-5.289229e-06
-5.307082e-06
-5.104157e-06
-4.757423e-06
-4.352836e-06
-3.981165e-06
-3.672221e-06
-3.457261e-06
-3.328838e-06
-3.234143e-06
-3.173933e-06
-3.197996e-06
-3.355496e-06
-3.645683e-06
-3.942075e-06
-4.043066e-06
-3.862726e-06
-3.415926e-06
-2.693052e-06
-1.720299e-06
-5.972502e-07
5.653242e-07
1.687738e-06
2.785396e-06
3.952375e-06
5.179823e-06
6.302523e-06
7.158212e-06
7.723342e-06
8.086422e-06
8.294818e-06
8.312778e-06
8.074996e-06
7.538195e-06
6.747636e-06
5.794561e-06
4.710982e-06
3.491096e-06
2.250722e-06
1.176751e-06
3.107919e-07
-4.082112e-07
-1.086219e-06
-1.872181e-06
-2.827336e-06
-3.920585e-06
-5.116235e-06
-6.385800e-06
-7.719114e-06
-9.105694e-06
-1.045416e-05
-1.157613e-05
-1.227569e-05
-1.241753e-05
-1.198460e-05
-1.107946e-05
-9.827515e-06
-8.393235e-06
-6.967731e-06
-5.637158e-06
-4.388430e-06
-3.220650e-06
-2.164188e-06
-1.182212e-06
-1.868828e-07
8.727322e-07
1.924290e-06
2.784860e-06
3.451686e-06
4.053929e-06
4.583144e-06
4.996121e-06
5.279623e-06
5.431211e-06
5.478582e-06
5.428855e-06
5.261662e-06
4.970760e-06
4.569583e-06
4.050968e-06
3.362984e-06
2.462784e-06
1.383897e-06
1.885978e-07
-1.067932e-06
-2.377751e-06
-3.829066e-06
-5.473371e-06
-7.300523e-06
-9.311104e-06
-1.148429e-05
-1.379952e-05
-1.623595e-05
-1.874322e-05
-2.121661e-05
-2.352302e-05
-2.560561e-05
-2.742861e-05
-2.894768e-05
-3.018860e-05
-3.114611e-05
-3.179848e-05
-3.219165e-05
-3.231785e-05
-3.212758e-05
-3.158247e-05
-3.069165e-05
-2.955766e-05
-2.822155e-05
-2.665112e-05
-2.483869e-05
-2.279290e-05
-2.057103e-05
-1.824369e-05
-1.585456e-05
-1.346479e-05
-1.115496e-05
-8.944477e-06
-6.774250e-06
-4.612068e-06
-2.494021e-06
-4.871218e-07
1.367029e-06
3.073013e-06
4.632427e-06
6.042740e-06
7.335290e-06
8.549935e-06
9.701853e-06
1.079875e-05
1.183367e-05
1.275425e-05
1.346104e-05
1.388971e-05
1.405061e-05
1.397179e-05
1.372456e-05
1.338844e-05
1.302448e-05
1.268632e-05
1.240116e-05
1.226092e-05
1.233798e-05
1.262994e-05
1.312437e-05
1.377155e-05
1.458379e-05
1.558643e-05
1.674809e-05
1.803042e-05
1.936035e-05
2.068582e-05
2.200377e-05
2.339684e-05
2.495915e-05
2.667490e-05
2.848370e-05
3.026574e-05
3.187487e-05
3.318015e-05
3.406199e-05
3.447266e-05
3.439141e-05
3.383526e-05
3.289022e-05
3.163355e-05
3.011334e-05
2.837244e-05
2.641532e-05
2.425968e-05
2.204414e-05
1.991241e-05
1.791685e-05
1.606731e-05
1.434927e-05
1.276307e-05
1.132208e-05
1.000331e-05
8.722007e-06
7.379432e-06
5.918750e-06
4.326005e-06
2.636075e-06
9.033182e-07
-7.878609e-07
-2.332829e-06
-3.698407e-06
-4.916363e-06
-6.049498e-06
-7.162187e-06
-8.255713e-06
-9.312479e-06
-1.036691e-05
-1.148620e-05
-1.278090e-05
-1.435139e-05
-1.616703e-05
-1.813817e-05
-2.018931e-05
-2.220914e-05
-2.408245e-05
-2.572021e-05
-2.706161e-05
-2.807033e-05
-2.871468e-05
-2.899127e-05
-2.889404e-05
-2.840745e-05
-2.761202e-05
-2.669136e-05
-2.577916e-05
-2.491678e-05
-2.414296e-05
-2.347204e-05
-2.290460e-05
-2.243859e-05
-2.199134e-05
-2.145149e-05
-2.074985e-05
-1.986215e-05
-1.877437e-05
-1.748268e-05
-1.600823e-05
-1.432745e-05
-1.242776e-05
-1.037398e-05
-8.288176e-06
-6.355657e-06
-4.735414e-06
-3.519813e-06
-2.754460e-06
-2.416041e-06
-2.433403e-06
-2.675821e-06
-3.005000e-06
-3.347135e-06
-3.616571e-06
-3.703476e-06
-3.545817e-06
-3.166807e-06
-2.652802e-06
-2.094608e-06
-1.588646e-06
-1.199716e-06
-9.178406e-07
-6.875984e-07
-4.359765e-07
-1.222843e-07
2.581237e-07
7.261262e-07
1.331733e-06
2.108538e-06
3.023475e-06
4.010533e-06
5.012912e-06
5.968515e-06
6.852333e-06
7.715442e-06
8.601055e-06
9.515233e-06
1.045008e-05
1.135378e-05
1.215118e-05
1.276917e-05
1.316643e-05
1.333273e-05
1.321969e-05
1.280140e-05
1.215636e-05
1.139394e-05
1.062293e-05
9.965583e-06
9.471443e-06
9.102131e-06
8.815768e-06
8.632340e-06
8.611518e-06
8.721860e-06
8.850510e-06
8.887345e-06
8.728043e-06
8.287761e-06
7.486701e-06
6.301946e-06
4.797570e-06
3.050918e-06
1.133425e-06
-9.246819e-07
-3.114927e-06
-5.365959e-06
-7.571242e-06
-9.602694e-06
-1.132196e-05
-1.269528e-05
-1.379690e-05
-1.468178e-05
-1.534806e-05
-1.581602e-05
-1.614231e-05
-1.634481e-05
-1.640082e-05
-1.625039e-05
-1.585506e-05
-1.527438e-05
-1.454916e-05
-1.368332e-05
-1.271956e-05
-1.172319e-05
-1.080424e-05
-1.003241e-05
-9.349011e-06
-8.686945e-06
-8.048927e-06
-7.460124e-06
-6.936588e-06
-6.487310e-06
-6.111448e-06
-5.789788e-06
-5.476805e-06
-5.097237e-06
-4.595068e-06
-3.955600e-06
-3.157692e-06
-2.192980e-06
-1.087815e-06
1.096119e-07
1.341879e-06
2.582220e-06
3.810188e-06
5.020017e-06
6.244111e-06
7.481632e-06
8.717577e-06
9.950973e-06
1.113477e-05
1.220599e-05
1.316215e-05
1.404734e-05
1.489040e-05
1.566513e-05
1.629272e-05
1.669232e-05
1.683790e-05
1.679160e-05
1.666121e-05
1.648948e-05
1.623498e-05
1.585099e-05
1.531534e-05
1.460685e-05
1.374209e-05
1.278429e-05
1.178442e-05
1.079502e-05
9.822783e-06
8.794476e-06
7.668745e-06
6.470569e-06
5.264483e-06
4.104091e-06
2.999445e-06
1.932267e-06
8.691152e-07
-1.592756e-07
-1.079090e-06
-1.843609e-06
-2.440997e-06
-2.910555e-06
-3.244205e-06
-3.364264e-06
-3.226324e-06
-2.855987e-06
-2.344789e-06
-1.757424e-06
-1.101649e-06
-3.901896e-07
3.514931e-07
1.056153e-06
1.650206e-06
2.102368e-06
2.395498e-06
2.538275e-06
2.539039e-06
2.412021e-06
2.235796e-06
2.084091e-06
1.969502e-06
1.890626e-06
1.846138e-06
1.816021e-06
1.778748e-06
1.724537e-06
1.653778e-06
1.557244e-06
1.411057e-06
1.234193e-06
1.032632e-06
7.550262e-07
3.895411e-07
-4.932638e-08
-5.601306e-07
-1.176248e-06
-1.974269e-06
-2.950434e-06
-3.989461e-06
-4.978651e-06
-5.880419e-06
-6.718665e-06
-7.523273e-06
-8.297263e-06
-9.034074e-06
-9.761971e-06
-1.050559e-05
-1.124719e-05
-1.196527e-05
-1.261910e-05
-1.317431e-05
-1.363347e-05
-1.396900e-05
-1.414449e-05
-1.413960e-05
-1.391102e-05
-1.344560e-05
-1.280355e-05
-1.207509e-05
-1.131108e-05
-1.050790e-05
-9.683964e-06
-8.878770e-06
-8.096652e-06
-7.309986e-06
-6.452717e-06
-5.486856e-06
-4.455795e-06
-3.393713e-06
-2.301638e-06
-1.173873e-06
-1.851658e-08
1.091055e-06
2.059254e-06
2.824332e-06
3.375875e-06
3.745027e-06
3.952526e-06
4.026978e-06
3.990084e-06
3.829180e-06
3.553532e-06
3.196493e-06
2.808445e-06
2.461585e-06
2.204201e-06
2.050788e-06
2.010702e-06
2.060898e-06
2.123840e-06
2.094188e-06
1.892537e-06
1.541090e-06
1.088293e-06
5.380882e-07
-6.098358e-08
-6.307956e-07
-1.116108e-06
-1.483188e-06
-1.702127e-06
-1.723918e-06
-1.530951e-06
-1.157385e-06
-6.802302e-07
-2.147690e-07
1.255400e-07
2.415647e-07
6.724032e-08
-4.103305e-07
-1.193993e-06
-2.293518e-06
-3.669083e-06
-5.236629e-06
-6.926641e-06
-8.656495e-06
-1.032048e-05
-1.185653e-05
-1.322610e-05
-1.436448e-05
-1.520401e-05
-1.566758e-05
-1.569532e-05
-1.530966e-05
-1.458497e-05
-1.362191e-05
-1.251849e-05
-1.131885e-05
-1.004321e-05
-8.683132e-06
-7.197599e-06
-5.584530e-06
-3.889794e-06
-2.173471e-06
-4.830676e-07
1.153994e-06
2.717701e-06
4.176278e-06
5.453954e-06
6.466496e-06
7.180367e-06
7.597729e-06
7.715003e-06
7.524647e-06
7.061208e-06
6.415888e-06
5.703692e-06
5.020674e-06
4.410913e-06
3.879766e-06
3.457198e-06
3.191052e-06
3.065362e-06
3.020266e-06
3.033565e-06
3.133473e-06
3.351229e-06
3.686415e-06
4.123294e-06
4.640845e-06
5.231394e-06
5.918921e-06
6.696638e-06
7.509937e-06
8.326261e-06
9.133682e-06
9.946273e-06
1.078253e-05
1.158016e-05
1.226060e-05
1.278935e-05
1.314684e-05
1.332383e-05
1.332576e-05
1.319507e-05
1.296794e-05
1.265747e-05
1.226799e-05
1.176494e-05
1.112710e-05
1.036023e-05
9.462243e-06
8.437185e-06
7.281129e-06
6.013601e-06
4.726623e-06
3.517279e-06
2.409910e-06
1.379913e-06
4.025975e-07
-5.243763e-07
-1.356122e-06
-2.017788e-06
-2.465956e-06
-2.715089e-06
-2.814959e-06
-2.782761e-06
-2.597935e-06
-2.285586e-06
-1.920053e-06
-1.597327e-06
-1.423160e-06
-1.446126e-06
-1.634117e-06
-1.953518e-06
-2.417706e-06
-3.019797e-06
-3.698026e-06
-4.389003e-06
-5.035552e-06
-5.562466e-06
-5.920240e-06
-6.129206e-06
-6.233284e-06
-6.262103e-06
-6.226633e-06
-6.130554e-06
-6.010695e-06
-5.912305e-06
-5.873410e-06
-5.962189e-06
-6.231493e-06
-6.687686e-06
-7.321528e-06
-8.077603e-06
-8.874424e-06
-9.672513e-06
-1.044427e-05
-1.113329e-05
-1.166133e-05
-1.197318e-05
-1.206795e-05
-1.197956e-05
-1.176779e-05
-1.150851e-05
-1.126769e-05
-1.107214e-05
-1.091003e-05
-1.076140e-05
-1.060944e-05
-1.042950e-05
-1.020816e-05
-9.992482e-06
-9.837726e-06
-9.733508e-06
-9.647925e-06
-9.574323e-06
-9.530703e-06
-9.565659e-06
-9.728640e-06
-1.002976e-05
-1.048288e-05
-1.109950e-05
-1.185414e-05
-1.271605e-05
-1.363899e-05
-1.456733e-05
-1.542814e-05
-1.610785e-05
-1.648478e-05
-1.647927e-05
-1.611480e-05
-1.546743e-05
-1.459460e-05
-1.355169e-05
-1.240650e-05
-1.124811e-05
-1.013689e-05
-9.075056e-06
-8.048923e-06
-7.036978e-06
-6.001211e-06
-4.881042e-06
-3.606814e-06
-2.131151e-06
-4.274906e-07
1.509729e-06
3.679162e-06
6.071680e-06
8.608326e-06
1.118369e-05
1.373346e-05
1.618850e-05
1.846102e-05
2.047201e-05
2.216642e-05
2.348922e-05
2.438216e-05
2.484810e-05
2.497289e-05
2.488993e-05
2.471799e-05
2.452110e-05
2.432238e-05
2.414590e-05
2.403125e-05
2.399270e-05
2.400370e-05
2.401658e-05
2.399238e-05
2.392993e-05
2.384897e-05
2.373890e-05
2.356088e-05
2.329583e-05
2.294874e-05
2.254124e-05
2.208628e-05
2.155994e-05
2.092671e-05
2.014170e-05
1.915604e-05
1.796825e-05
1.662426e-05
1.518399e-05
1.370893e-05
1.223047e-05
1.077761e-05
9.428113e-06
8.244473e-06
7.221807e-06
6.328214e-06
5.551783e-06
4.870072e-06
4.201760e-06
3.446620e-06
2.522237e-06
1.364835e-06
-7.489708e-08
-1.812555e-06
-3.793807e-06
-5.928520e-06
-8.112906e-06
-1.022573e-05
-1.220197e-05
-1.406099e-05
-1.581153e-05
-1.741370e-05
-1.885987e-05
-2.020831e-05
-2.153002e-05
-2.287476e-05
-2.427165e-05
-2.572144e-05
-2.717412e-05
-2.853897e-05
-2.972565e-05
-3.065043e-05
-3.126987e-05
-3.159488e-05
-3.161974e-05
-3.133358e-05
-3.074279e-05
-2.987183e-05
-2.879667e-05
-2.758162e-05
-2.625298e-05
-2.482715e-05
-2.331747e-05
-2.175935e-05
-2.017258e-05
-1.855888e-05
-1.692852e-05
-1.529583e-05
-1.370998e-05
-1.223782e-05
-1.093180e-05
-9.820793e-06
-8.907373e-06
-8.190619e-06
-7.663838e-06
-7.300433e-06
-7.040267e-06
-6.800978e-06
-6.516430e-06
-6.170812e-06
-5.796884e-06
-5.392620e-06
-4.919027e-06
-4.367254e-06
-3.744827e-06
-3.087376e-06
-2.456693e-06
-1.914577e-06
-1.517269e-06
-1.267720e-06
-1.116301e-06
-1.012032e-06
-9.472502e-07
-9.477383e-07
-1.013034e-06
-1.117734e-06
-1.223582e-06
-1.296056e-06
-1.315004e-06
-1.253201e-06
-1.088993e-06
-7.990475e-07
-3.524617e-07
2.711385e-07
1.068134e-06
2.024193e-06
3.154190e-06
4.450527e-06
5.858321e-06
7.323739e-06
8.786920e-06
1.020304e-05
1.153483e-05
1.273477e-05
1.378869e-05
1.468984e-05
1.544137e-05
1.609012e-05
1.670067e-05
1.735374e-05
1.810343e-05
1.894705e-05
1.985802e-05
2.076654e-05
2.159025e-05
2.229837e-05
2.288494e-05
2.333623e-05
2.362367e-05
2.369903e-05
2.351302e-05
2.304685e-05
2.231712e-05
2.135474e-05
2.020430e-05
1.893563e-05
1.763409e-05
1.637591e-05
1.521660e-05
1.420975e-05
1.341455e-05
1.285555e-05
1.250067e-05
1.229855e-05
1.219466e-05
1.212303e-05
1.202446e-05
1.184456e-05
1.152231e-05
1.103126e-05
1.040682e-05
9.679673e-06
8.830073e-06
7.836567e-06
6.715672e-06
5.519833e-06
4.301438e-06
3.095774e-06
1.944332e-06
8.907292e-07
-4.542658e-08
-8.912530e-07
-1.694801e-06
-2.475285e-06
-3.209040e-06
-3.856347e-06
-4.400260e-06
-4.839835e-06
-5.197612e-06
-5.530738e-06
-5.887395e-06
-6.257605e-06
-6.578746e-06
-6.800808e-06
-6.900730e-06
-6.864560e-06
-6.692265e-06
-6.390840e-06
-5.987114e-06
-5.539356e-06
-5.112694e-06
-4.755231e-06
-4.510534e-06
-4.416457e-06
-4.466725e-06
-4.613401e-06
-4.824010e-06
-5.097542e-06
-5.417119e-06
-5.744735e-06
-6.041822e-06
-6.264161e-06
-6.365228e-06
-6.320627e-06
-6.147724e-06
-5.892736e-06
-5.626011e-06
-5.419177e-06
-5.310645e-06
-5.317884e-06
-5.442501e-06
-5.664314e-06
-5.958268e-06
-6.324894e-06
-6.786370e-06
-7.353986e-06
-8.019269e-06
-8.761448e-06
-9.557544e-06
-1.038378e-05
-1.120802e-05
-1.197351e-05
-1.262252e-05
-1.314710e-05
-1.357083e-05
-1.389656e-05
-1.409596e-05
-1.415642e-05
-1.410539e-05
-1.397143e-05
-1.376727e-05
-1.350094e-05
-1.317628e-05
-1.279535e-05
-1.236507e-05
-1.189079e-05
-1.137818e-05
-1.083505e-05
-1.026047e-05
-9.660998e-06
-9.059131e-06
-8.475790e-06
-7.939395e-06
-7.491137e-06
-7.148802e-06
-6.889516e-06
-6.679758e-06
-6.513741e-06
-6.401908e-06
-6.333378e-06
-6.299446e-06
-6.290636e-06
-6.278294e-06
-6.270384e-06
-6.294894e-06
-6.334215e-06
-6.344185e-06
-6.294214e-06
-6.185031e-06
-6.051652e-06
-5.929880e-06
-5.806468e-06
-5.619350e-06
-5.308578e-06
-4.871237e-06
-4.350218e-06
-3.751376e-06
-3.037846e-06
-2.181935e-06
-1.174277e-06
-5.047838e-08
1.111335e-06
2.241729e-06
3.297446e-06
4.245411e-06
5.054293e-06
5.723149e-06
6.277442e-06
6.737663e-06
7.113690e-06
7.406969e-06
7.638807e-06
7.842310e-06
8.028222e-06
8.195377e-06
8.355061e-06
8.549156e-06
8.813012e-06
9.116443e-06
9.383250e-06
9.542693e-06
9.550753e-06
9.417703e-06
9.198244e-06
8.928009e-06
8.607666e-06
8.222094e-06
7.775348e-06
7.304497e-06
6.835603e-06
6.368245e-06
5.888484e-06
5.387642e-06
4.883707e-06
4.412564e-06
4.015541e-06
3.736493e-06
3.585992e-06
3.522263e-06
3.505372e-06
3.503403e-06
3.483015e-06
3.446432e-06
3.395340e-06
3.303827e-06
3.155021e-06
2.955573e-06
2.715326e-06
2.416237e-06
2.040322e-06
1.615305e-06
1.195397e-06
8.200782e-07
5.027962e-07
2.328571e-07
-8.054781e-09
-2.129944e-07
-3.729031e-07
-4.968166e-07
-5.854785e-07
-6.351739e-07
-6.337802e-07
-5.570094e-07
-3.862225e-07
-1.082121e-07
2.939557e-07
8.375602e-07
1.488518e-06
2.144392e-06
2.693382e-06
3.027326e-06
3.058810e-06
2.779945e-06
2.246524e-06
1.529032e-06
6.989872e-07
-1.807623e-07
-1.065581e-06
-1.923710e-06
-2.720185e-06
-3.434420e-06
-4.073380e-06
-4.637273e-06
-5.121346e-06
-5.528755e-06
-5.868105e-06
-6.165773e-06
-6.444273e-06
-6.716642e-06
-6.992013e-06
-7.245932e-06
-7.428994e-06
-7.492640e-06
-7.414101e-06
-7.208619e-06
-6.888490e-06
-6.450981e-06
-5.903676e-06
-5.266208e-06
-4.577790e-06
-3.908242e-06
-3.325845e-06
-2.870500e-06
-2.564496e-06
-2.397943e-06
-2.331392e-06
-2.340522e-06
-2.427043e-06
-2.599201e-06
-2.841006e-06
-3.108064e-06
-3.367647e-06
-3.608370e-06
-3.820919e-06
-3.999006e-06
-4.136978e-06
-4.232103e-06
-4.303754e-06
-4.380727e-06
-4.480954e-06
-4.592811e-06
-4.669172e-06
-4.684674e-06
-4.648295e-06
-4.562629e-06
-4.418785e-06
-4.204234e-06
-3.913174e-06
-3.531434e-06
-3.039381e-06
-2.441530e-06
-1.759485e-06
-1.015974e-06
-2.178118e-07
6.386162e-07
1.540371e-06
2.439138e-06
3.263830e-06
3.966673e-06
4.528677e-06
4.952159e-06
5.279888e-06
5.591229e-06
5.955052e-06
6.393161e-06
6.900608e-06
7.466200e-06
8.072371e-06
8.698099e-06
9.323637e-06
9.929403e-06
1.049594e-05
1.100961e-05
1.145270e-05
1.180479e-05
1.204899e-05
1.216492e-05
1.213608e-05
1.196239e-05
1.165984e-05
1.124319e-05
1.072617e-05
1.014442e-05
9.539643e-06
8.929657e-06
8.331973e-06
7.785858e-06
7.319436e-06
6.908991e-06
6.478383e-06
5.956231e-06
5.321890e-06
4.597617e-06
3.830824e-06
3.065092e-06
2.319127e-06
1.604362e-06
9.543362e-07
4.225862e-07
5.484102e-08
-1.314769e-07
-1.497140e-07
-3.337988e-08
1.681370e-07
4.070882e-07
6.477842e-07
8.483792e-07
9.611592e-07
9.520732e-07
8.146692e-07
5.586992e-07
1.981261e-07
-2.475617e-07
-7.502150e-07
-1.276396e-06
-1.800257e-06
-2.288980e-06
-2.711844e-06
-3.062361e-06
-3.346838e-06
-3.584753e-06
-3.801625e-06
-4.025917e-06
-4.292625e-06
-4.631519e-06
-5.053003e-06
-5.553060e-06
-6.120223e-06
-6.716758e-06
-7.305664e-06
-7.871324e-06
-8.400699e-06
-8.873892e-06
-9.243254e-06
-9.468579e-06
-9.556494e-06
-9.551299e-06
-9.511943e-06
-9.466170e-06
-9.419008e-06
-9.385145e-06
-9.389232e-06
-9.456663e-06
-9.596222e-06
-9.800986e-06
-1.004833e-05
-1.031049e-05
-1.058169e-05
-1.086710e-05
-1.115678e-05
-1.143494e-05
-1.170270e-05
-1.196500e-05
-1.221336e-05
-1.243839e-05
-1.264037e-05
-1.282954e-05
-1.302334e-05
-1.323457e-05
-1.344313e-05
-1.359876e-05
-1.365972e-05
-1.359555e-05
-1.339371e-05
-1.307470e-05
-1.266818e-05
-1.220756e-05
-1.172047e-05
-1.120802e-05
-1.066510e-05
-1.008671e-05
-9.462558e-06
-8.781993e-06
-8.037153e-06
-7.232267e-06
-6.367899e-06
-5.442818e-06
-4.479388e-06
-3.504449e-06
-2.541916e-06
-1.628776e-06
-8.023944e-07
-9.115788e-08
4.843112e-07
9.226702e-07
1.244467e-06
1.478703e-06
1.650426e-06
1.778036e-06
1.880683e-06
1.986606e-06
2.132624e-06
2.348836e-06
2.656027e-06
3.057450e-06
3.510805e-06
3.952524e-06
4.336919e-06
4.634775e-06
4.824917e-06
4.889845e-06
4.824144e-06
4.650895e-06
4.417712e-06
4.161994e-06
3.903576e-06
3.665576e-06
3.461319e-06
3.298553e-06
3.196043e-06
3.166416e-06
3.214687e-06
3.333600e-06
3.490658e-06
3.645865e-06
3.762797e-06
3.817522e-06
3.793343e-06
3.652542e-06
3.351583e-06
2.877002e-06
2.254016e-06
1.520506e-06
7.131412e-07
-1.193296e-07
-9.297056e-07
-1.678520e-06
-2.343819e-06
-2.942308e-06
-3.508934e-06
-4.073751e-06
-4.661669e-06
-5.292896e-06
-5.968322e-06
-6.644928e-06
-7.249301e-06
-7.739738e-06
-8.111103e-06
-8.346773e-06
-8.415023e-06
-8.266980e-06
-7.859777e-06
-7.193936e-06
-6.298458e-06
-5.224986e-06
-4.035087e-06
-2.788883e-06
-1.539191e-06
-3.065032e-07
8.959872e-07
2.056298e-06
3.186853e-06
4.297370e-06
5.383379e-06
6.426645e-06
7.401849e-06
8.302308e-06
9.124965e-06
9.852273e-06
1.045470e-05
1.090604e-05
1.122157e-05
1.144444e-05
1.159160e-05
1.163836e-05
1.154369e-05
1.129213e-05
1.090585e-05
1.043214e-05
9.920883e-06
9.401445e-06
8.888988e-06
8.396276e-06
7.937249e-06
7.509890e-06
7.102173e-06
6.718386e-06
6.370810e-06
6.077020e-06
5.833530e-06
5.618891e-06
5.426102e-06
5.246087e-06
5.077729e-06
4.926360e-06
4.800340e-06
4.712676e-06
4.664501e-06
4.668624e-06
4.715487e-06
4.745134e-06
4.711689e-06
4.609585e-06
4.456902e-06
4.272264e-06
4.052687e-06
3.780034e-06
3.450127e-06
3.093419e-06
2.755476e-06
2.473023e-06
2.270143e-06
2.158157e-06
2.140703e-06
2.207628e-06
2.333379e-06
2.484448e-06
2.629369e-06
2.747641e-06
2.827512e-06
2.877667e-06
2.898478e-06
2.869362e-06
2.788047e-06
2.660079e-06
2.509677e-06
2.372076e-06
